ID: BM
File Size: 8316
Reserved1: 0
Reserved2: 0
Pixel Array Offset: 918
DIB Header Size: 40
Width: 72
Height: 108
Planes: 1
Bits Per Pixel: 8
Compression: 1
Image Size: 7398
X Pixels per Meter: 2834
Y Pixels per Meter: 2834
Colors in Table: 216
Important Color Count: 216
Red Channel Bitmask: 0
Green Channel Bitmask: 0
Blue Channel Bitmask: 0
Color Space Type: 0
Color Space Endpoints: 0
Gamma Red Channel: 0
Gamma Green Channel: 0
Gamma Blue Channel: 0
Intent: 0
ICC Profile Data Location: 0
ICC Profile Size: 0
Color Table Entries:
	16777215
	16776960
	16711935
	16711680
	65535
	65280
	255
	000
	787718
	1836554
	1312266
	1445394
	3811890
	787978
	1906203
	393734
	4998732
	7104108
	11645105
	2762286
	131590
	3289652
	7434613
	13619156
	13027017
	11053226
	8684678
	15395564
	14145497
	5921371
	12105913
	9474193
	4474188
	2368811
	3421499
	329227
	2764085
	1316379
	1842723
	5395804
	6514284
	5198165
	3947839
	856602
	593171
	6712437
	8027780
	13093841
	7305606
	11515325
	14343649
	2962751
	5266022
	1317409
	3489352
	3949903
	5858158
	4607317
	8160655
	9805222
	8883604
	10923445
	9147807
	2171685
	10397358
	12041925
	4211268
	7764090
	10527396
	6119007
	14869734
	9935001
	1844525
	6845309
	12371663
	13424093
	4674397
	3488318
	5593694
	6711917
	2435887
	6316901
	396044
	4541003
	132614
	132610
	395782
	1316116
	3487541
	1053198
	5725011
	2105884
	7434862
	394754
	4605508
	13553357
	5394765
	16043877
	6842212
	788997
	4999749
	4275508
	15065560
	5986645
	10592155
	2959909
	13612949
	6774611
	13551031
	12817495
	1841429
	15194049
	3420461
	2759433
	1708810
	9535853
	10260868
	12629932
	14012876
	6310965
	12821890
	5062964
	11170101
	7495241
	8023134
	11312009
	11839902
	3815220
	2631204
	4341564
	8091249
	8617851
	6578526
	9210504
	5592147
	7171179
	9335899
	10979952
	6444619
	8539683
	9461040
	6767398
	7230269
	8611922
	5983811
	2298373
	1313540
	4796702
	9791557
	8477501
	5257511
	11106388
	5914669
	2432279
	4404522
	3611142
	9784086
	6633498
	7750175
	4335895
	7818287
	5517080
	5912095
	2956305
	6434578
	3414796
	4005904
	5122581
	3679256
	2365457
	4008994
	3023645
	7561559
	2953989
	8600341
	7353109
	4793103
	3350035
	1905937
	4397576
	2364171
	5391679
	3412741
	5250569
	1837828
	5907470
	4002821
	3938315
	2362372
	3347723
	2888716
	14776666
	1314059
	5849659
	3345667
	2821381
	787458
	2820354
	1773067
	12209979
	1770754
	1312003
	2428427
	2295042
	2821386
	393730
	2498078
	3881273
	12631999
	15987699
	5000268
	2894892
	1842204
	789516
	394758
	131586
Data Array:
000 065 082 213 033 207 131 027 131 129 112 105 211 096 210 104 028 024 208 028 208 071 025 060 068 060 060 071 083 077 017 081 039 026 028 028 018 069 041 081 039 045 065 074 057 044 083 077 037 080 036 033 021 052 067 061 027 070 095 095 117 126 115 152 177 169 099 000 007 007 000 000
000 065 020 037 063 134 027 104 110 128 211 127 100 130 068 030 030 024 095 018 046 022 060 067 062 059 060 067 057 077 067 040 066 016 071 118 070 031 040 017 034 078 059 047 048 078 052 051 051 053 053 033 063 016 032 017 061 070 050 118 117 125 136 119 177 114 099 000 007 007 000 000
000 066 215 037 083 024 208 206 192 089 211 129 067 018 018 025 024 030 047 133 069 017 046 060 025 068 067 040 078 078 067 040 042 042 067 068 102 095 104 029 032 210 069 059 062 059 045 055 072 080 077 044 211 042 034 207 039 065 209 095 117 125 143 119 170 153 093 215 006 007 000 000
000 066 035 087 104 102 034 192 014 086 091 103 018 208 117 208 024 025 018 022 081 040 058 061 059 060 079 040 081 022 046 045 042 210 135 067 104 028 095 130 129 211 080 046 031 059 049 056 051 076 043 038 066 033 021 019 034 017 028 050 208 125 124 142 154 110 086 215 006 007 000 000
000 065 086 098 095 103 110 014 128 089 112 104 117 018 118 030 208 026 022 069 040 045 071 059 031 026 029 041 039 081 017 026 032 096 069 098 135 104 118 025 134 105 021 135 079 079 030 064 048 080 082 041 034 038 063 063 042 042 022 070 023 125 115 142 159 110 086 000 007 007 000 000
000 064 090 118 132 010 105 110 105 210 025 125 133 028 117 025 068 134 034 066 081 058 059 026 092 067 042 034 078 042 066 031 066 094 016 132 132 135 071 117 026 094 094 094 066 069 133 025 059 057 066 078 033 088 037 019 021 036 017 071 102 126 124 119 147 114 008 007 000 000
000 065 030 130 205 099 091 128 129 108 126 107 024 118 026 071 022 066 033 066 046 026 029 067 022 022 128 042 069 212 042 131 066 094 127 132 103 135 103 031 025 103 094 211 128 029 135 081 046 026 060 039 054 034 082 063 043 017 041 032 047 117 143 123 159 146 215 000 007 007 000 000
000 064 130 087 089 087 212 112 125 018 181 018 118 026 017 092 039 094 066 078 079 067 036 067 025 081 212 069 210 213 096 029 210 094 127 135 100 130 105 134 018 098 134 091 063 069 029 021 066 135 060 026 069 037 037 080 079 066 063 039 017 208 116 119 159 114 008 007 000 000
000 066 112 128 213 110 171 135 108 124 116 102 116 130 034 041 088 134 067 066 053 026 032 081 208 132 211 022 041 110 134 083 069 207 100 130 129 092 099 134 068 103 029 105 211 029 207 033 042 207 134 031 040 036 021 067 039 033 057 211 207 133 126 119 150 146 007 214 006 007 000 000
000 066 206 112 213 110 129 126 115 115 102 116 131 135 034 021 014 040 031 038 020 045 026 134 208 131 021 133 096 128 029 042 029 127 098 130 096 098 212 131 135 134 029 210 042 210 033 211 066 211 066 210 029 078 067 081 042 039 053 042 207 021 104 124 150 114 035 215 006 007 000 000
000 065 087 105 192 110 098 115 172 117 117 107 134 135 128 080 038 081 071 036 087 066 071 131 030 104 100 104 100 211 130 088 103 094 135 130 132 096 096 071 207 135 210 210 096 094 063 094 211 066 021 063 207 092 031 079 081 042 041 094 087 213 029 116 150 087 215 000 007 007 000 000
000 064 205 105 105 105 121 154 117 125 130 101 096 135 087 112 077 032 060 210 019 207 031 104 018 071 134 104 092 105 133 129 134 134 131 131 098 132 092 031 041 135 094 094 103 042 207 039 066 207 089 014 128 100 031 018 022 079 069 037 087 213 014 131 107 196 008 007 000 000
000 064 093 192 129 091 113 137 111 131 144 105 135 134 087 042 066 033 026 131 207 021 067 104 025 104 096 104 104 129 026 098 029 132 071 026 131 131 131 104 092 092 029 083 132 042 081 067 083 089 214 013 014 132 133 068 068 067 066 063 035 205 091 132 107 205 008 007 000 000
000 064 099 007 128 112 137 108 107 130 121 112 131 112 212 210 021 089 131 071 096 088 098 026 031 018 132 133 025 092 026 026 092 026 068 104 068 026 031 018 031 071 131 040 092 081 031 133 211 007 089 211 098 130 069 130 025 104 069 089 015 088 094 128 134 192 008 007 000 000
000 064 008 085 093 125 106 172 181 154 107 098 098 128 212 069 128 213 098 071 029 094 134 130 135 025 133 026 068 031 068 104 071 025 025 025 030 068 030 018 018 018 068 104 071 059 071 133 054 042 096 079 092 207 211 135 031 208 135 211 094 096 128 089 210 128 008 007 000 000
000 067 008 093 123 120 133 193 171 171 130 092 112 112 212 079 207 086 210 031 132 210 132 132 094 098 104 031 068 068 018 208 025 024 024 208 024 095 095 024 208 024 030 024 208 049 025 061 026 079 078 081 042 093 100 092 131 131 022 069 210 211 033 087 088 021 007 007 214 000 005 007 000 000
000 067 007 154 137 150 130 133 196 096 096 100 134 091 110 081 029 087 042 092 069 066 135 067 131 135 098 068 018 024 208 095 024 024 028 095 028 028 050 027 050 028 028 028 050 023 023 023 059 022 079 069 211 069 067 103 100 210 092 098 129 207 211 087 033 033 007 212 087 000 005 007 000 000
000 067 091 123 144 168 093 071 116 112 100 192 103 069 213 096 135 042 129 029 094 128 096 134 029 026 071 025 065 023 050 070 070 070 027 050 070 027 027 209 209 027 027 070 070 050 070 028 049 064 061 071 031 131 066 212 021 096 129 081 090 207 087 063 213 037 212 066 086 000 005 007 000 000
000 041 170 121 170 105 213 038 024 092 129 091 015 022 134 211 092 096 088 129 094 128 207 112 213 038 022 061 065 023 028 027 070 070 070 027 070 070 070 027 027 209 209 000 004 027 000 021 070 050 075 049 071 081 211 091 211 096 128 128 132 134 112 033 211 007 007 029 211 000 004 007 001 213 001 063 000 000
000 072 107 153 091 091 207 089 094 030 031 134 007 212 069 098 098 103 207 112 096 211 128 091 014 038 051 046 049 075 028 070 050 018 025 024 050 050 050 070 050 023 050 050 050 209 027 027 050 064 040 016 021 211 207 094 091 086 094 094 129 066 207 063 007 211 081 007 215 007 007 213 042 087 000 000
000 072 133 071 135 105 105 127 021 081 068 208 100 007 213 135 026 134 100 112 094 094 087 089 213 063 033 077 048 065 075 028 050 075 030 065 023 024 024 023 050 023 023 070 023 070 027 027 047 064 045 041 042 066 021 038 213 063 069 063 134 094 066 007 037 046 211 082 007 007 213 066 087 007 000 000
000 072 192 103 030 025 029 210 042 039 081 067 023 098 211 211 092 130 132 094 042 100 128 093 215 087 038 037 052 046 064 074 049 049 061 046 059 018 061 025 024 023 024 047 070 027 070 050 049 062 073 078 210 021 212 063 082 029 041 212 083 078 083 128 133 042 035 089 007 087 207 087 086 214 000 000
000 072 171 011 019 104 024 071 135 040 079 134 031 095 026 096 066 132 132 103 029 094 127 110 007 037 080 038 054 055 073 064 062 060 064 081 040 062 058 062 064 058 062 061 075 028 028 061 058 057 054 032 032 211 021 037 042 081 034 080 081 081 066 046 041 007 087 037 042 042 086 063 063 007 000 000
000 072 134 207 213 021 046 030 049 068 135 210 135 071 018 031 135 103 096 128 207 135 016 063 213 213 034 038 037 033 032 058 067 046 062 048 073 062 064 049 061 064 061 064 061 065 064 056 039 033 033 033 041 042 036 057 069 057 077 069 046 057 079 029 007 213 211 079 039 213 211 211 007 007 000 000
000 072 042 092 042 021 039 071 030 024 030 135 134 131 031 071 104 026 092 098 013 014 022 081 089 015 019 063 021 033 036 060 073 045 022 048 058 048 048 048 073 048 045 045 060 046 045 057 083 211 037 038 034 077 039 081 078 079 040 026 079 046 045 089 213 103 026 029 110 042 211 007 007 214 000 000
000 029 088 039 022 040 048 062 061 061 024 024 067 069 071 133 133 068 133 132 092 021 087 134 067 077 053 035 034 063 034 000 004 060 000 039 040 036 036 051 036 036 055 052 079 058 067 059 022 042 038 033 038 020 081 040 066 060 133 026 026 046 058 077 211 060 060 083 021 066 211 007 007 105 041 000 000 000
000 072 079 026 046 058 060 064 061 061 059 018 095 133 135 104 031 069 131 130 042 069 092 032 031 023 049 071 062 026 022 067 060 064 049 071 080 036 051 053 036 033 078 061 065 018 064 067 054 063 043 007 066 078 034 048 025 059 060 046 026 067 026 065 026 066 042 207 087 082 007 210 081 089 000 000
000 072 034 081 059 059 061 049 061 064 068 026 031 047 025 046 068 133 021 029 067 100 094 022 029 017 018 023 070 209 070 047 049 049 049 024 061 041 043 020 019 026 047 075 049 064 061 071 046 040 080 039 073 042 045 030 061 060 067 046 068 030 065 022 083 040 080 007 044 077 134 096 007 089 000 000
000 072 042 055 048 058 064 065 065 065 049 059 067 067 065 018 031 030 018 210 211 026 046 067 071 046 046 046 045 026 208 024 070 023 047 065 047 208 130 098 068 050 023 065 065 024 050 027 209 209 209 027 024 047 065 071 046 067 059 049 049 049 046 056 060 021 084 021 079 029 091 213 210 098 000 000
000 072 045 058 058 062 058 062 062 060 059 061 061 046 079 062 060 041 022 018 067 069 025 024 023 070 209 209 070 023 028 208 024 208 024 018 018 065 208 047 023 074 047 047 047 050 023 095 030 030 025 025 018 018 031 029 040 059 030 064 059 064 062 059 058 057 079 026 039 211 210 081 029 021 000 000
000 072 073 060 064 062 059 048 056 052 076 056 046 068 026 079 131 210 089 042 031 031 100 210 098 103 131 068 018 028 050 027 027 028 024 049 049 028 023 049 023 024 025 208 024 028 023 023 208 018 025 068 071 067 069 069 067 049 059 058 062 061 061 065 060 045 046 029 081 031 046 066 021 063 000 000
000 072 064 059 064 059 062 056 054 076 052 056 052 056 046 135 069 067 134 128 211 181 138 144 107 144 138 132 130 067 133 068 024 028 028 070 209 027 048 052 023 209 024 024 050 050 070 027 027 209 000 209 209 050 047 064 025 059 048 046 064 065 065 049 058 064 061 068 064 046 021 063 035 007 000 000
000 072 064 074 049 059 056 036 044 035 043 051 048 073 052 057 032 042 132 029 138 107 115 104 117 118 095 118 070 102 050 070 070 070 209 000 070 172 014 009 016 027 000 028 070 028 208 025 071 104 116 031 133 025 024 065 071 046 059 049 065 074 047 065 074 047 061 060 046 210 087 082 007 082 000 000
000 072 062 049 049 062 045 057 077 091 035 007 044 076 052 055 036 212 089 101 103 130 133 125 117 108 108 108 118 027 209 027 209 000 000 018 172 175 185 187 185 143 070 000 209 027 209 070 027 028 104 115 130 124 210 069 071 059 061 049 074 075 075 075 049 064 059 060 060 057 211 066 042 211 000 000
000 072 065 061 049 058 051 036 034 088 083 042 038 053 036 036 089 044 038 083 112 154 138 143 143 142 193 193 124 116 028 209 000 027 131 206 187 199 175 175 199 160 193 023 000 027 102 027 070 209 000 209 102 117 116 130 046 068 049 074 075 074 074 065 049 065 061 060 060 026 040 041 091 087 000 000
000 056 074 065 062 048 057 066 021 019 042 077 034 034 077 042 034 063 036 042 171 154 163 193 147 168 113 150 116 030 000 000 031 129 206 014 009 174 199 199 199 150 206 193 018 000 000 028 133 143 125 108 102 027 027 095 025 049 005 074 000 011 065 049 074 061 060 061 059 094 087 085 110 000 000 000
000 036 061 065 048 051 043 037 063 063 212 084 035 044 043 212 033 211 034 212 198 168 147 160 141 141 149 137 108 000 028 016 015 013 038 009 162 191 004 199 000 032 170 012 012 133 000 000 106 119 147 142 143 143 126 104 104 062 059 059 062 062 058 048 062 061 062 064 065 067 066 091 211 207 000 000
000 072 064 049 060 053 043 035 053 007 007 020 043 044 035 007 043 019 033 206 169 198 162 149 160 149 149 143 102 024 206 013 011 020 013 136 191 191 199 199 199 191 149 011 014 011 017 000 102 106 149 161 161 162 143 107 069 041 054 055 052 076 055 055 056 058 058 047 074 060 045 081 092 098 000 000
000 033 061 048 062 051 020 035 080 038 007 044 043 044 080 083 083 207 080 112 153 215 147 162 141 164 167 125 108 206 011 168 189 150 151 000 005 191 000 034 199 199 191 160 035 014 009 022 209 120 109 109 149 160 162 144 063 044 054 052 076 057 081 067 046 058 065 075 049 046 069 098 094 089 000 000
000 037 064 056 045 052 043 020 072 051 020 072 057 073 045 066 080 211 112 154 163 196 166 159 176 160 149 106 124 007 014 166 160 191 199 199 199 151 199 000 005 191 000 030 175 147 012 201 126 120 157 149 109 140 119 094 043 080 055 038 044 087 212 063 055 058 064 074 064 073 067 069 212 110 000 000
000 058 058 045 055 052 051 072 053 051 052 062 064 040 072 087 089 212 088 144 150 190 145 159 157 140 139 137 144 007 192 177 175 174 160 160 160 136 123 142 115 137 148 191 191 158 177 196 124 120 157 158 158 149 119 088 066 036 043 044 004 007 000 010 054 045 059 065 059 059 062 090 127 101 000 000
000 072 048 055 054 057 051 076 056 058 062 073 054 054 055 034 035 213 038 153 162 165 180 173 185 160 157 148 142 201 176 162 150 161 167 157 160 160 160 152 119 149 136 148 151 140 167 196 143 137 158 140 160 147 177 069 083 072 053 082 082 082 007 072 080 076 064 064 061 074 058 096 100 087 000 000
000 072 052 054 072 055 076 056 062 062 056 080 053 051 040 046 083 043 043 192 159 187 184 189 187 161 158 160 141 147 176 187 165 167 162 185 175 164 167 161 185 157 139 160 160 140 140 176 123 160 140 122 149 166 150 079 033 051 051 043 044 007 212 051 054 045 045 061 050 061 040 069 127 105 000 000
000 072 055 072 051 052 056 073 051 051 076 073 048 073 073 046 068 039 214 153 161 187 200 188 187 194 167 157 176 189 146 146 184 187 167 185 161 167 187 176 179 164 164 183 176 176 157 157 164 139 140 175 182 155 193 103 080 057 076 072 044 080 051 036 076 054 073 074 075 062 046 210 100 101 000 000
000 072 073 072 036 048 048 054 007 007 020 080 073 058 073 046 065 030 138 196 159 167 200 188 187 173 166 176 173 146 008 008 196 173 187 167 167 176 176 187 182 185 183 179 187 188 203 179 160 160 179 185 179 182 154 033 057 060 052 076 051 051 072 072 038 054 062 065 049 049 045 135 090 112 000 000
000 072 076 056 055 062 073 043 215 015 214 020 043 054 051 055 059 208 126 100 196 167 173 173 187 195 202 188 202 184 196 093 201 184 182 167 179 187 166 182 155 179 187 166 188 201 190 159 176 203 179 157 194 159 147 089 074 059 076 058 048 055 051 072 051 045 060 062 061 049 058 026 096 132 000 000
000 072 053 076 058 049 056 044 035 044 043 213 044 038 043 051 067 047 107 143 124 164 176 182 182 184 145 201 146 188 201 201 201 184 166 179 179 187 187 182 189 189 187 189 200 188 190 188 201 200 185 185 200 141 113 071 023 055 055 054 073 048 076 076 076 052 045 048 064 061 064 040 130 100 000 000
000 072 038 054 059 074 058 076 080 044 053 044 043 211 072 033 038 133 126 170 152 149 157 187 188 201 184 201 196 202 146 196 146 190 187 187 186 179 187 189 204 182 187 182 201 201 201 146 201 195 176 194 167 176 107 027 032 036 055 080 038 054 076 055 036 054 057 045 058 074 064 022 092 094 000 000
000 072 076 052 061 027 059 048 048 076 076 034 072 052 056 036 007 091 115 136 147 187 162 186 180 184 184 201 196 145 184 196 200 188 173 190 173 187 173 188 173 173 182 189 201 201 146 196 201 195 186 186 162 152 108 067 087 041 048 083 037 035 054 057 072 036 039 054 048 074 064 046 098 129 000 000
000 072 052 058 074 027 064 056 052 058 064 062 048 071 018 208 130 129 150 159 123 162 185 187 200 201 146 146 196 184 202 201 146 188 173 184 188 155 189 200 188 195 173 188 184 184 201 196 201 195 197 185 157 143 107 093 022 059 054 037 213 082 038 076 054 054 034 054 059 060 064 060 029 101 000 000
000 072 054 048 075 209 059 054 072 057 031 049 068 026 046 104 027 108 137 143 161 164 185 187 184 201 201 146 196 146 173 188 146 145 202 184 188 189 187 195 184 188 204 188 188 188 201 201 184 203 187 157 141 119 170 104 028 041 035 086 086 011 082 054 052 054 076 060 039 052 059 060 046 090 000 000
000 072 051 045 075 000 062 036 063 041 031 026 025 131 007 007 121 115 143 136 140 185 183 187 188 184 201 201 201 200 182 173 184 195 184 184 204 195 182 187 201 188 195 188 204 184 201 201 184 197 176 164 162 152 106 025 212 036 051 082 020 020 007 057 073 056 060 055 043 057 062 049 031 092 000 000
000 031 052 048 050 209 058 054 033 067 071 096 135 104 116 154 113 162 148 158 158 164 186 187 188 201 196 201 196 200 195 187 194 000 005 195 000 036 188 189 195 195 195 182 204 200 201 146 200 194 176 179 176 120 116 215 007 063 076 072 007 044 036 045 059 059 076 082 053 032 061 049 071 031 000 000
000 023 072 073 027 027 052 080 207 131 103 132 011 099 115 125 142 141 158 140 158 164 186 187 184 000 004 196 000 045 099 200 182 187 182 189 195 188 188 145 195 187 187 182 186 195 201 201 201 200 189 194 183 151 151 167 143 123 144 079 026 067 078 045 064 075 048 072 053 051 045 062 064 068 133 000 000 000
000 072 044 055 027 075 054 087 101 107 100 016 007 007 114 123 142 167 158 175 158 175 185 179 188 196 205 196 196 196 201 203 186 187 189 194 195 188 188 195 155 186 186 195 200 201 201 196 200 197 186 139 151 140 151 120 111 111 108 118 075 058 058 065 075 056 053 036 057 041 040 059 065 135 000 000
000 072 057 048 000 065 036 082 127 144 129 105 089 192 152 142 162 160 183 179 185 164 175 161 188 205 205 196 196 196 201 200 195 182 194 182 195 188 188 195 197 189 182 200 196 196 201 196 200 194 174 122 122 158 157 143 137 131 133 104 018 081 057 064 075 057 072 080 038 043 057 064 018 129 000 000
000 072 054 058 027 064 038 214 127 193 105 099 093 146 143 151 158 139 164 176 176 176 158 158 184 007 093 196 196 205 196 201 203 195 173 182 194 203 204 204 195 190 188 201 201 196 099 196 195 185 140 156 185 158 140 147 114 007 007 127 068 045 053 062 075 055 080 212 087 038 032 068 071 096 000 000
000 072 037 022 070 133 082 007 170 150 206 089 214 163 151 160 161 161 162 167 166 179 160 123 093 099 205 007 196 196 196 201 184 188 194 187 194 204 188 184 195 204 200 201 201 008 196 184 187 139 140 183 185 158 174 158 150 213 086 205 130 092 044 059 075 076 080 038 037 044 032 018 133 094 000 000
000 072 038 079 102 135 007 007 170 119 153 178 169 142 151 201 215 008 198 190 201 205 123 124 007 196 205 205 201 196 196 201 200 203 194 179 187 195 203 188 188 188 200 196 196 196 205 196 161 148 164 185 158 185 185 140 148 168 213 093 138 107 007 046 050 039 087 035 082 044 135 104 135 128 000 000
000 072 089 029 028 181 007 007 171 123 180 196 099 149 160 007 180 169 146 007 007 127 125 124 007 007 205 201 146 196 201 201 201 184 182 179 186 200 188 195 184 200 184 196 196 196 192 007 119 151 185 157 164 157 174 174 122 149 099 007 144 138 007 045 050 054 020 035 213 021 081 067 092 112 000 000
000 072 112 124 118 153 007 007 163 149 145 007 114 141 176 169 190 205 007 132 095 102 125 016 192 082 007 202 145 146 196 201 146 184 194 183 182 184 145 197 188 184 184 146 201 205 015 213 136 136 184 184 190 173 163 158 140 151 159 099 138 144 007 081 075 080 086 087 212 211 127 092 092 094 000 000
000 072 011 116 108 196 215 007 192 148 163 020 166 167 166 190 007 101 095 070 067 042 129 206 114 013 153 162 173 201 201 196 146 202 194 183 183 194 189 190 188 200 184 202 202 099 085 010 131 117 144 007 200 166 188 200 157 151 119 146 123 121 007 098 028 091 192 192 213 099 128 131 068 130 000 000
000 072 146 120 125 007 093 015 205 148 147 196 165 165 190 205 132 000 018 035 007 182 009 084 089 205 143 149 197 201 184 201 184 190 179 185 185 183 183 197 184 184 184 182 152 171 099 110 144 133 209 117 146 200 162 011 009 160 162 099 149 170 007 130 023 213 215 093 213 206 138 126 126 096 000 000
000 072 114 120 136 215 007 215 007 149 141 196 180 099 011 098 028 067 007 164 097 097 122 202 214 112 106 141 197 195 195 197 197 179 185 164 185 183 183 194 194 195 188 194 151 172 205 178 110 099 094 050 027 154 196 161 113 176 187 168 148 113 007 131 108 085 099 089 105 181 138 116 133 127 000 000
000 072 153 109 149 007 020 015 007 141 140 205 213 178 110 132 060 007 194 191 109 097 097 156 007 125 106 179 173 189 182 194 194 183 185 175 175 183 186 186 187 182 182 203 137 126 093 085 152 140 188 085 018 000 101 203 147 176 196 150 148 145 007 124 108 114 178 153 105 169 105 116 131 112 000 000
000 072 170 109 148 146 020 015 007 167 140 196 215 087 015 039 056 007 183 174 167 125 122 194 022 111 160 197 145 179 186 186 183 175 185 174 175 183 186 187 182 182 186 197 143 111 169 158 097 097 097 183 007 208 209 170 188 165 205 142 151 196 007 144 111 170 169 153 192 008 154 125 115 105 000 000
000 036 162 140 122 190 007 085 007 182 149 178 007 086 080 058 069 034 145 007 007 032 138 059 102 137 186 194 186 183 185 183 185 174 185 174 174 183 005 186 000 031 194 162 102 017 156 097 097 097 191 184 212 028 133 145 169 196 136 148 007 007 152 111 150 110 146 114 114 144 117 138 146 000 000 000
000 072 162 139 140 162 007 020 215 173 140 169 084 089 040 061 133 068 062 031 025 030 102 118 137 140 186 179 183 185 175 183 175 175 175 174 175 185 179 186 186 186 185 179 183 125 102 119 142 116 156 199 203 007 025 131 171 169 196 109 142 007 007 150 106 160 146 011 146 114 172 116 121 110 000 000
000 072 166 158 140 140 188 215 093 173 160 168 007 212 068 049 074 000 000 000 209 095 117 116 137 149 194 183 185 164 174 183 175 175 156 156 175 183 183 183 186 183 175 173 186 148 126 024 025 112 007 201 196 021 071 131 205 007 196 120 147 007 007 147 120 119 184 146 169 154 143 115 101 214 000 000
000 072 180 157 158 158 157 200 192 113 157 159 093 100 024 070 047 068 022 055 025 118 025 117 120 158 203 187 183 185 174 175 174 156 156 174 175 186 185 186 183 164 161 190 166 140 115 025 027 118 071 046 133 133 071 026 086 007 153 109 198 007 007 167 109 152 163 154 170 170 123 143 153 215 000 000
000 072 145 167 157 185 175 161 145 166 141 162 114 067 095 079 044 007 007 135 095 022 064 102 106 173 196 165 176 186 175 185 175 122 156 174 164 185 157 200 157 164 176 159 166 160 137 108 018 030 209 000 028 208 018 071 112 007 147 109 007 007 007 160 122 162 159 168 170 152 136 119 114 214 000 000
000 072 146 165 167 167 176 167 166 163 150 136 150 092 058 007 020 007 081 027 063 129 064 209 111 163 145 177 166 155 161 186 167 122 156 175 185 175 159 196 158 167 159 147 157 147 117 028 030 031 022 023 118 208 068 104 144 007 160 140 007 007 195 122 149 141 147 154 147 152 119 114 007 007 000 000
000 072 184 145 190 145 177 166 166 192 007 170 136 125 046 007 007 210 050 033 105 130 026 028 000 138 113 165 190 166 166 189 185 122 139 185 164 157 195 188 160 173 190 142 141 170 209 095 046 061 066 210 071 104 126 104 121 201 160 157 093 201 157 140 158 147 159 163 184 150 147 093 020 020 000 000
000 072 160 166 200 145 184 145 166 146 020 007 177 116 030 069 210 070 046 053 135 172 124 208 000 131 196 167 165 189 190 190 179 140 160 185 175 159 010 166 152 196 113 148 173 104 000 071 090 071 025 053 053 053 042 124 142 119 141 113 205 176 139 139 147 114 146 146 163 150 114 020 085 215 000 000
000 072 157 140 160 166 201 201 190 177 093 013 007 154 125 024 049 068 069 066 135 130 130 208 000 018 007 159 157 188 190 166 184 160 140 164 185 184 146 161 170 205 160 141 129 000 027 098 103 040 028 022 044 007 213 107 123 119 161 113 173 158 158 167 163 169 007 146 159 180 007 085 007 007 000 000
000 072 185 140 122 140 162 177 190 166 180 008 007 184 115 018 024 068 069 029 031 133 103 068 050 102 105 188 157 145 145 167 196 152 140 183 163 205 145 168 184 162 140 168 030 209 018 124 098 038 046 050 041 128 071 115 110 196 113 176 139 140 161 145 196 201 113 150 177 093 007 007 007 007 000 000
000 067 139 158 174 122 122 185 173 190 177 205 213 144 124 131 065 074 071 067 078 029 172 025 071 071 120 188 161 167 146 147 007 150 140 173 146 201 180 205 161 148 147 131 030 208 104 130 133 021 066 208 064 118 130 007 007 099 176 139 140 167 113 146 188 167 139 147 008 000 005 007 000 000
000 072 157 158 139 156 122 122 161 200 200 154 144 128 163 123 031 047 075 071 032 079 026 025 090 105 125 152 162 157 204 163 007 147 158 165 145 173 113 167 160 166 154 172 132 208 133 131 131 069 026 065 095 133 146 213 215 166 140 157 173 145 146 155 139 122 162 146 086 093 215 007 007 007 000 000
000 072 180 180 166 157 158 122 122 160 152 119 159 198 150 123 131 023 047 047 031 072 051 067 087 007 124 154 163 158 162 201 007 170 157 194 159 165 166 159 145 196 193 181 100 049 133 130 039 081 075 047 071 171 093 089 169 160 176 196 188 179 139 122 140 176 205 007 215 215 215 007 007 007 000 000
000 067 205 215 196 145 176 157 139 140 160 150 152 123 138 142 123 104 028 018 064 077 043 207 091 007 121 154 007 165 157 163 007 168 161 188 163 146 146 015 215 180 138 101 129 060 045 066 098 023 074 071 131 090 085 205 141 161 201 145 157 122 109 122 183 085 020 215 215 000 005 007 000 000
000 067 214 015 196 099 146 173 157 158 183 188 177 113 184 159 119 123 028 025 055 045 036 035 153 110 180 168 008 146 155 159 201 159 177 201 198 099 146 099 007 163 150 099 087 054 080 041 065 070 065 115 119 144 103 119 166 173 157 139 109 097 122 157 165 205 007 007 215 000 005 007 000 000
000 065 099 205 196 192 178 190 155 175 139 157 176 189 168 170 159 150 115 209 032 007 080 087 013 169 180 180 145 180 188 145 184 159 145 196 198 192 146 007 215 180 205 093 128 210 068 047 075 075 025 143 150 201 159 138 119 140 109 097 109 122 158 141 163 093 215 000 007 007 000 000
000 063 099 178 168 168 177 190 190 164 139 158 167 176 180 196 184 150 147 115 000 207 007 020 086 093 192 145 182 187 197 202 180 163 201 201 192 201 203 173 167 141 152 123 131 025 068 064 070 126 143 142 121 193 147 195 139 109 109 109 140 157 157 141 114 000 009 007 000 000
000 063 170 171 171 169 168 159 159 166 175 157 183 155 146 089 169 147 177 201 136 209 098 205 007 085 196 146 114 180 189 189 189 145 198 145 187 167 162 141 141 150 154 128 089 007 037 050 208 123 142 141 163 171 154 158 140 109 122 175 176 159 161 142 146 000 009 007 000 000
000 038 124 172 144 193 154 159 163 180 195 164 140 158 187 200 180 168 145 177 205 101 102 116 007 007 093 201 196 205 201 163 195 184 169 145 189 187 113 184 005 007 000 020 029 027 117 119 149 150 166 159 165 195 175 122 122 139 157 113 146 147 142 192 009 007 000 000
000 064 168 170 169 146 192 008 007 205 147 148 139 157 139 161 155 173 165 177 198 007 099 120 120 170 007 085 008 196 007 198 184 178 163 205 007 008 020 007 007 007 215 096 117 028 115 159 152 141 147 190 155 186 164 122 156 164 176 167 168 169 152 105 035 020 008 007 000 000
000 063 150 144 193 177 201 196 147 123 149 161 167 157 158 139 158 161 166 145 146 008 007 007 142 148 152 008 007 093 007 099 146 178 198 007 085 196 196 205 168 124 126 208 130 196 145 159 161 166 168 165 164 139 122 122 158 164 166 163 147 138 144 171 213 000 009 007 000 000
000 065 177 147 142 151 151 109 109 140 179 169 165 155 166 176 164 161 166 180 114 205 015 007 007 163 161 161 198 205 205 196 196 087 008 205 201 189 141 136 137 137 100 205 007 196 168 177 159 168 189 183 139 122 122 164 185 162 162 150 152 144 101 101 127 212 015 000 007 007 000 000
000 066 147 152 149 137 137 149 167 173 180 201 184 189 186 166 189 146 180 113 169 099 196 196 007 099 196 146 163 146 205 205 093 192 205 099 169 159 150 170 099 007 007 007 099 114 153 180 200 165 157 140 139 175 157 164 194 166 190 177 170 170 153 099 110 212 087 215 006 007 000 000
000 066 170 152 193 147 195 169 192 205 196 188 165 187 176 165 196 099 192 192 178 192 099 205 205 205 214 007 205 196 205 007 093 215 205 192 192 205 007 007 007 196 205 007 205 196 093 113 147 139 140 140 164 179 194 167 150 176 163 099 114 163 154 127 153 007 086 013 006 007 000 000
000 066 154 168 170 121 119 152 168 180 177 147 167 176 190 196 196 099 099 015 205 099 099 215 215 215 007 215 205 205 215 007 215 007 215 008 007 007 215 007 007 085 192 171 121 142 143 151 109 149 164 157 162 188 188 200 166 141 150 180 198 198 171 193 138 206 007 215 006 007 000 000
000 018 165 152 115 137 124 119 150 152 152 161 167 173 205 093 093 085 007 007 004 215 000 043 007 215 007 007 215 007 007 215 007 007 085 215 215 093 093 099 178 170 121 119 123 123 142 147 161 141 194 186 162 166 190 177 188 162 149 150 168 163 012 152 124 092 214 000 007 007 000 000
000 022 144 116 137 119 168 150 152 170 155 167 165 205 205 215 215 007 007 007 215 007 007 215 007 007 000 012 215 007 215 215 007 007 215 205 214 089 178 099 004 007 000 020 205 007 147 162 182 176 162 166 166 150 162 149 148 149 160 142 172 124 018 129 007 007 000 000
000 011 126 116 123 142 143 193 180 145 177 187 196 000 004 215 016 007 001 215 004 007 000 030 215 205 215 007 007 007 085 085 007 035 093 007 166 157 179 161 160 176 173 161 149 149 160 162 162 143 115 126 031 215 006 007 000 000
000 010 136 123 136 124 147 201 169 166 173 146 024 007 000 038 215 215 215 007 007 215 007 205 008 205 007 007 093 215 007 182 161 167 161 143 142 152 160 136 152 147 147 119 123 116 108 212 007 215 007 007 007 007 000 000
000 009 144 172 138 180 180 150 159 145 184 000 029 007 000 034 215 085 205 015 205 215 007 007 007 015 007 205 194 161 176 179 149 151 136 137 142 189 152 152 193 115 117 129 007 215 007 007 007 007 000 000
000 009 121 193 169 177 119 147 195 146 205 000 027 007 000 004 215 205 205 215 010 007 000 022 201 182 161 159 173 167 136 120 137 147 159 150 152 130 126 127 007 020 007 007 007 007 000 000
000 008 142 121 152 123 170 184 196 205 027 007 000 003 215 215 215 000 011 007 000 023 020 020 200 179 141 159 195 167 115 106 136 159 193 142 116 116 087 007 215 007 007 007 007 000 000 000
000 007 119 150 193 170 184 192 205 000 044 007 000 016 205 184 176 149 147 188 147 125 106 150 154 150 125 107 007 215 005 007 000 000
000 005 169 114 169 205 086 000 047 007 000 015 201 188 161 136 147 145 119 106 115 147 138 116 091 007 215 000 005 007 000 000
000 003 007 086 035 000 049 007 000 015 205 184 188 162 136 152 152 115 115 144 115 138 007 020 020 000 005 007 000 000
000 003 215 020 215 000 048 007 000 015 020 007 196 198 184 141 137 123 119 107 143 124 114 007 215 000 006 007 000 000
053 007 000 010 205 196 146 188 119 136 119 123 107 153 009 007 000 000
054 007 000 010 205 196 146 113 121 121 121 153 099 015 008 007 000 000
055 007 000 009 215 093 099 110 153 114 213 007 020 000 008 007 000 000
057 007 000 006 215 196 008 007 214 215 009 007 000 000
060 007 001 215 001 215 010 007 000 000
072 007 000 001
000 000

