ID: BM
File Size: 3764
Reserved1: 0
Reserved2: 0
Pixel Array Offset: 86
DIB Header Size: 40
Width: 72
Height: 108
Planes: 1
Bits Per Pixel: 4
Compression: 2
Image Size: 3678
X Pixels per Meter: 2834
Y Pixels per Meter: 2834
Colors in Table: 8
Important Color Count: 8
Red Channel Bitmask: 0
Green Channel Bitmask: 0
Blue Channel Bitmask: 0
Color Space Type: 0
Color Space Endpoints: 0
Gamma Red Channel: 0
Gamma Green Channel: 0
Gamma Blue Channel: 0
Intent: 0
ICC Profile Data Location: 0
ICC Profile Size: 0
Color Table Entries:
0.	16777215
1.	16776960
2.	16711935
3.	16711680
4.	65535
5.	65280
6.	255
7.	000
Data Array:
00 48 77 77 70 07 37 75 61 40 00 03 42 10 60 73 75 24 00 70 77 07 00 67 77 77 77 70 70 00 00 00 07 37 77 77 77 77 00 00
00 3e 77 77 00 77 77 72 52 12 05 07 05 25 07 77 07 73 50 07 07 70 70 35 25 77 77 77 17 00 06 07 07 00 0a 77 00 00
00 3e 77 70 07 77 76 07 00 04 02 70 72 52 16 16 50 76 70 00 70 77 07 06 77 72 57 77 67 60 00 10 71 00 0a 77 00 00
00 3e 77 00 77 77 71 70 05 21 07 07 50 07 43 65 27 71 70 00 07 77 70 61 07 77 77 07 71 71 00 06 37 00 0a 77 00 00
00 3e 73 43 77 77 76 00 20 40 70 70 25 24 35 71 60 77 07 63 00 77 07 16 00 07 77 77 77 67 70 05 03 00 0a 77 00 00
00 48 70 07 77 77 01 61 00 12 77 77 07 01 67 27 71 67 71 74 77 07 76 71 70 77 70 77 77 77 43 02 75 37 77 77 77 77 00 00
00 3e 07 77 77 70 07 00 60 65 77 00 70 77 77 57 70 77 07 07 00 07 71 76 07 00 77 77 77 70 75 00 16 00 0a 77 00 00
00 3e 47 77 73 01 70 04 35 37 70 77 70 70 75 27 70 77 77 70 77 07 77 71 77 07 07 07 77 37 73 60 73 00 0a 77 00 00
00 3e 73 77 77 40 70 53 56 70 77 70 77 07 72 77 77 16 70 73 77 00 77 67 07 77 00 73 53 47 74 70 07 00 0a 77 00 00
00 2a 77 77 70 37 02 06 77 77 07 75 27 00 75 27 07 77 16 74 70 77 07 00 08 77 00 16 47 67 70 73 77 25 37 77 77 77 77 00 00 00
00 3e 77 77 03 40 05 61 73 77 07 77 41 07 70 77 77 07 70 73 70 70 77 07 77 70 77 34 17 07 77 77 52 00 0a 77 00 00
00 48 77 77 77 03 67 37 77 43 07 77 02 07 07 57 07 77 03 74 70 77 07 77 70 77 77 77 20 77 07 77 72 57 77 77 77 77 00 00
00 3e 77 77 71 60 17 74 77 76 70 77 07 00 70 27 07 07 47 07 07 07 77 07 07 77 77 70 50 25 77 77 70 00 0a 77 00 00
00 48 77 77 30 07 77 07 73 77 16 17 70 70 75 07 03 70 34 07 00 70 70 77 70 77 77 77 27 02 07 75 77 07 77 77 77 77 00 00
00 3c 77 70 05 73 47 37 74 77 70 76 17 04 32 41 70 04 30 30 70 00 07 07 00 77 67 07 52 50 77 53 0c 77 00 00
00 48 77 70 73 77 70 77 73 77 40 77 34 73 04 16 04 70 04 04 00 70 70 00 07 07 71 77 77 07 43 76 77 34 77 77 77 77 00 00
00 3c 77 07 07 77 07 07 74 37 37 07 47 07 61 20 03 00 30 03 00 00 00 07 00 70 76 77 61 65 34 37 0c 77 00 00
00 1c 72 57 70 07 77 76 77 47 74 77 34 70 74 10 12 00 00 0e 07 01 00 77 72 77 52 00 0c 77 00 00
00 20 77 73 77 07 77 71 77 37 73 77 73 77 02 06 00 04 12 00 00 16 77 71 77 70 77 77 77 57 77 77 77 00 00 00
00 48 67 77 77 70 07 77 61 65 67 47 77 77 71 00 10 00 00 40 00 00 00 30 00 00 77 67 67 77 77 67 57 77 27 77 77 77 00 00
00 48 10 77 77 71 60 77 77 03 77 35 77 77 76 50 04 02 52 00 04 00 00 40 00 07 07 71 77 77 07 17 77 70 77 77 77 77 00 00
00 48 76 01 61 76 17 05 37 56 17 76 77 77 77 72 01 00 01 07 01 20 40 00 00 00 70 77 77 74 77 72 77 07 77 77 77 77 00 00
00 3e 77 70 07 61 61 60 67 61 61 67 37 77 37 56 52 07 07 60 16 14 30 00 00 27 77 76 77 73 77 25 70 00 0a 77 00 00
00 48 77 77 70 07 77 03 05 37 76 71 77 77 77 73 70 70 50 71 60 03 04 30 43 57 34 35 35 25 72 57 61 77 77 07 77 77 00 00
00 48 70 77 07 00 07 74 21 60 57 77 43 77 77 77 70 77 27 06 07 04 34 04 37 67 77 77 76 76 50 70 77 75 25 77 77 77 00 00
00 48 77 70 70 70 00 35 42 52 03 47 74 77 77 77 74 10 53 77 17 77 77 37 05 37 77 77 07 12 75 70 77 30 72 77 77 77 00 00
00 48 70 25 70 00 52 43 30 07 07 73 47 01 07 07 72 76 04 77 77 77 30 00 60 77 77 70 77 05 02 27 00 07 57 77 72 57 00 00
00 18 70 52 00 71 61 20 47 25 77 07 73 76 08 00 00 28 03 07 77 70 40 07 07 77 77 77 60 70 27 50 16 77 77 77 25 77 00 00
00 48 77 25 20 02 00 77 00 50 07 70 07 07 07 70 34 01 00 60 67 10 03 40 00 00 00 06 10 02 50 00 07 07 77 70 77 77 00 00
00 48 72 52 52 50 04 00 70 25 20 77 40 00 00 04 00 06 00 10 10 60 00 00 12 00 01 00 07 75 20 74 27 07 70 77 77 07 00 00
00 48 70 07 05 27 77 16 17 07 77 00 70 74 30 00 00 00 16 00 00 00 70 25 00 07 07 07 70 70 41 02 50 07 07 61 07 77 00 00
00 26 05 24 07 70 70 72 56 36 57 77 37 73 77 73 52 00 00 00 61 00 0e 00 00 14 07 00 37 61 00 70 25 16 77 77 00 00
00 1a 70 03 73 77 77 05 25 61 70 75 21 40 40 00 08 00 00 26 41 77 70 00 00 04 34 34 00 00 61 40 00 03 04 12 07 77 77 00 00 00
00 16 07 00 47 77 77 77 73 77 77 27 52 00 0c 00 00 06 27 77 76 00 08 00 00 18 43 77 43 06 30 52 40 02 47 07 77 77 00 00
00 2a 00 07 34 77 36 77 07 77 73 74 36 13 73 74 00 00 07 31 73 17 14 00 0a 00 00 14 77 71 40 00 01 61 00 70 70 77 00 00
00 08 07 00 77 34 08 77 00 20 65 73 75 77 77 00 00 07 77 77 35 37 73 00 00 73 08 00 00 10 02 01 60 00 07 00 77 77 00 00
02 00 12 77 00 34 37 17 53 00 07 77 77 70 33 43 77 70 00 07 77 35 25 06 10 40 00 10 70 07 77 77 00 00
02 00 02 07 0c 77 00 38 37 77 72 73 37 00 77 77 70 53 13 31 67 77 60 00 53 73 43 70 77 37 77 67 07 00 37 07 00 00
02 07 02 07 08 77 00 3c 71 65 77 77 75 35 70 07 73 77 17 36 34 37 11 77 75 01 34 35 34 77 70 70 70 12 00 07 43 77 00 00
00 48 67 16 77 77 77 71 67 73 65 77 73 77 30 67 77 52 70 31 53 31 72 77 37 02 71 72 77 76 77 77 77 70 50 07 07 77 00 00
00 48 01 63 67 70 77 00 77 77 77 37 77 70 71 77 77 35 37 52 36 16 13 17 77 74 37 35 35 37 77 77 77 67 24 30 77 07 00 00
00 0a 77 75 77 77 00 00 08 77 00 24 57 77 73 56 17 73 73 73 75 35 34 34 30 77 01 72 53 76 08 77 00 0a 71 03 40 07 77 00 00 00
00 48 07 77 70 00 77 77 61 77 77 73 77 37 33 77 77 77 57 37 77 73 73 53 77 73 71 77 73 57 27 77 77 76 70 00 70 77 00 00
00 48 77 07 07 77 07 07 16 17 77 37 77 77 75 73 77 77 37 17 73 77 17 77 35 37 03 77 34 77 57 77 16 17 01 43 07 77 00 00
00 10 77 77 27 77 77 70 70 00 08 77 02 73 0c 77 00 12 37 77 37 77 71 77 77 77 72 00 08 77 00 08 60 00 77 07 00 00
00 18 07 75 07 77 77 76 37 40 07 77 77 37 0a 77 00 26 73 77 77 37 77 73 77 73 73 77 00 16 16 77 77 12 50 70 77 00 00 00
02 77 02 02 0a 77 00 06 30 61 61 00 0c 77 00 06 37 37 73 00 0c 77 00 16 75 70 07 61 61 70 70 74 30 07 07 00 00 00
00 06 77 00 57 00 08 77 00 08 70 77 37 37 10 77 02 73 08 77 00 18 37 73 70 77 77 77 07 77 27 00 61 67 00 00
00 16 76 10 24 37 67 75 77 77 01 77 73 00 0a 77 00 0a 37 73 77 77 73 00 0a 77 00 14 02 77 07 77 77 77 57 20 16 17 00 00
00 14 07 00 52 52 12 52 00 77 77 71 1c 77 00 18 73 52 57 70 77 77 70 70 77 05 21 67 00 00
00 16 70 00 07 77 40 34 34 00 61 77 37 00 1a 77 00 08 37 73 72 05 08 77 00 08 70 77 04 71 00 00
00 14 77 00 77 70 30 41 77 70 13 07 10 77 02 37 0c 77 00 16 17 05 77 37 77 74 07 07 71 61 27 00 00 00
00 16 70 00 07 77 47 36 17 77 37 71 73 00 0e 77 02 73 0a 77 00 18 37 73 07 77 65 77 73 72 57 77 00 44 00 00
00 14 77 00 07 70 34 77 00 35 70 37 0a 77 02 37 08 77 02 73 08 77 00 16 34 73 73 72 77 74 00 77 76 03 30 00 00 00
00 16 77 00 77 74 73 77 77 73 73 57 37 00 1a 77 00 18 73 53 16 05 05 00 30 07 72 53 74 07 00 00
00 14 77 00 77 73 67 77 74 37 77 73 0a 77 00 2a 73 73 77 77 73 77 77 77 73 77 03 71 00 20 07 40 07 77 77 00 07 00 00 00
00 16 70 00 77 75 77 77 13 53 57 37 17 00 1a 77 00 18 03 77 07 77 77 03 77 07 77 77 77 07 00 00
00 16 77 00 77 73 77 77 37 37 37 77 73 00 0c 77 02 37 0c 77 00 18 17 73 73 77 77 74 70 00 77 77 70 07 00 00
00 16 77 07 77 77 77 73 47 77 77 77 74 00 18 77 00 1a 72 77 17 71 77 77 73 77 07 77 77 70 77 00 00 00
00 16 70 07 77 70 77 71 37 77 77 77 03 00 18 77 00 1a 35 73 73 57 21 77 34 70 07 77 77 07 07 00 00 00
02 77 02 07 0e 77 02 00 02 07 0a 77 02 37 02 37 0a 77 00 1a 73 77 77 73 52 77 73 77 07 77 77 71 77 00 00 00
00 1a 71 07 77 71 77 73 77 77 00 07 77 77 75 00 14 77 00 1a 00 77 77 77 35 37 47 77 07 77 77 76 16 00 00 00
00 48 76 07 77 73 77 77 77 70 07 77 77 77 33 77 77 77 73 77 37 77 77 57 77 34 00 77 37 73 57 37 77 07 77 77 70 43 00 00
00 48 70 17 77 71 77 77 70 07 73 10 77 77 07 77 77 73 75 73 77 77 77 36 77 77 70 07 77 77 77 07 70 07 77 77 04 37 00 00
00 22 77 37 77 77 27 77 77 07 75 30 17 75 07 77 77 77 73 00 08 77 00 1e 10 77 73 77 00 77 73 77 37 77 07 77 77 73 07 00 00 00
00 48 70 37 77 77 17 77 77 07 73 70 37 20 17 77 77 37 37 17 73 77 37 70 77 01 07 70 03 77 77 17 77 03 77 77 74 37 00 00
00 0a 73 57 77 77 37 00 0a 77 00 0e 70 07 77 73 73 75 73 00 08 77 00 1e 30 71 10 11 77 05 77 75 27 77 07 77 77 30 57 00 00 00
00 48 35 27 77 77 17 77 00 70 70 70 00 43 77 77 77 73 77 17 37 73 77 70 07 70 73 77 02 77 73 37 73 07 77 77 42 77 00 00
02 77 02 30 08 77 00 3c 70 00 00 07 07 31 73 71 37 17 33 77 73 77 73 77 00 07 77 77 07 77 70 77 77 05 77 77 30 77 00 00
00 48 73 57 37 77 17 77 00 00 07 00 00 43 77 77 77 73 07 37 77 71 77 71 34 00 61 61 61 77 71 77 77 33 74 77 71 77 00 00
00 48 77 37 57 77 77 70 07 77 77 00 70 07 77 37 17 35 73 57 37 73 77 73 43 00 00 00 04 37 73 77 77 47 37 73 47 77 00 00
00 48 77 73 73 77 31 77 47 77 70 77 00 07 77 77 77 73 17 37 77 37 73 77 00 03 50 03 43 67 30 77 71 33 77 35 37 77 00 00
00 48 77 77 77 37 77 30 17 77 07 77 00 03 77 73 73 74 37 71 77 57 77 37 00 70 77 00 00 77 73 77 72 57 77 77 77 77 00 00
02 37 08 77 00 3e 76 07 70 07 07 70 04 73 77 77 73 57 37 77 37 75 70 04 34 07 77 75 35 77 77 17 37 77 73 77 77 00 00 00
02 71 0a 77 00 32 10 00 57 73 40 03 77 57 77 71 27 77 73 77 73 70 01 61 27 77 77 63 73 75 37 00 0a 77 00 00
00 48 71 21 77 73 77 77 06 07 27 04 30 00 77 37 73 77 77 37 77 77 07 00 16 77 00 77 00 77 77 72 77 77 73 77 77 77 00 00
00 48 73 77 07 77 77 73 70 00 71 70 77 40 17 77 77 73 17 77 77 71 37 00 67 07 70 70 77 77 77 17 77 77 37 77 77 77 00 00
00 1c 37 17 31 77 77 07 77 14 06 77 00 37 07 37 0a 77 00 22 37 70 70 10 70 70 00 77 77 13 77 77 71 77 77 77 77 00 00 00
00 48 77 73 52 37 73 77 73 21 00 07 70 77 47 73 57 77 17 73 77 77 77 70 06 77 00 57 77 73 77 77 13 17 77 77 77 77 00 00
00 1a 77 77 73 52 35 34 34 50 00 77 77 77 73 00 0e 77 00 16 07 70 77 10 07 25 77 37 77 71 70 00 0a 77 00 00
00 14 77 77 77 35 77 77 77 36 00 70 08 77 02 37 02 73 0e 77 00 10 40 00 17 17 77 71 21 37 0a 77 00 00
00 12 77 77 77 73 77 37 73 77 30 00 18 77 00 14 76 10 20 06 77 70 71 61 52 53 0a 77 00 00
00 14 77 73 77 77 17 77 77 75 70 07 0a 77 00 20 73 77 77 77 75 34 01 60 10 71 73 77 73 01 37 37 0a 77 00 00
00 14 77 77 73 73 73 77 77 73 77 10 0e 77 00 1c 73 73 73 77 77 70 04 37 77 71 25 37 73 57 0a 77 00 00
00 0c 43 43 77 77 77 13 08 77 02 07 16 77 00 12 00 73 77 73 77 12 53 77 73 00 0a 77 00 00
08 77 00 10 70 77 37 77 37 77 70 07 12 77 00 14 00 07 35 37 77 77 37 77 77 67 0a 77 00 00
00 1a 73 77 77 75 37 35 35 37 77 77 77 71 37 00 0c 77 00 18 71 40 77 73 77 77 17 30 77 37 73 53 0a 77 00 00
00 10 77 41 73 03 77 77 77 73 14 77 00 18 71 06 37 77 77 73 77 72 17 73 57 34 0c 77 00 00
00 0e 73 72 01 77 77 77 73 00 16 77 02 37 0a 77 00 0a 70 71 71 77 73 00 0e 77 00 00
00 0c 37 17 77 77 77 73 22 77 00 10 73 37 37 77 37 77 77 37 0a 77 00 00
00 0c 77 73 57 37 77 37 1e 77 00 1e 37 13 14 71 77 77 71 77 77 77 17 77 77 77 77 00 00 00
00 0a 77 34 63 77 37 00 1e 77 00 0c 73 74 37 73 77 37 08 77 00 0c 65 27 77 77 77 77 00 00
00 0a 35 23 77 17 73 00 26 77 00 18 37 77 77 37 03 17 37 50 77 77 77 77 00 00
00 06 40 57 17 00 2a 77 00 18 73 71 37 73 70 71 72 35 37 77 77 77 00 00
00 06 33 07 37 00 2e 77 00 14 70 77 73 77 75 60 07 77 77 77 00 00
00 08 74 77 77 37 2c 77 00 14 37 12 14 37 33 73 47 77 77 77 00 00
00 06 73 77 37 00 32 77 00 10 30 57 75 70 07 77 77 77 00 00
02 17 02 70 30 77 00 14 71 77 73 03 77 37 07 77 77 77 00 00
02 73 34 77 00 12 37 77 00 37 70 77 77 77 77 00 00 00
36 77 00 12 71 77 70 77 43 77 77 77 77 00 00 00
38 77 00 10 17 30 17 34 77 77 77 77 00 00
38 77 00 10 34 67 70 37 77 77 77 77 00 00
38 77 00 06 73 17 07 00 0a 77 00 00
3a 77 02 73 0c 77 00 00
48 77 00 00
48 77 00 00
48 77 00 00
48 77 00 01

Generating ATMEGA328P Image Header...
Input File: bmp_files/cat2.bmp
Output File: test.s
Compression: 4-bit RLE BMP
Padding Bytes Removed
