ID: BM
File Size: 13912
Reserved1: 0
Reserved2: 0
Offset: 86
DIB Header Size: 40
Width: 144
Height: 96
Planes: 1
Bits Per Pixel: 8
Compression: 0
Image Size: 13826
X Pixels per Meter: 2834
Y Pixels per Meter: 2834
Colors in Table: 8
Important Color Count: 8
Red Channel Bitmask: 0
Green Channel Bitmask: 0
Blue Channel Bitmask: 0
Color Space Type: 0
Color Space Endpoints: 0
Gamma Red Channel: 0
Gamma Green Channel: 0
Gamma Blue Channel: 0
Intent: 0
ICC Profile Data Location: 0
ICC Profile Size: 0
Color Table Entries:
	0x00ffffff
	0x00ffff00
	0x00ff00ff
	0x00ff0000
	0x0000ffff
	0x0000ff00
	0x000000ff
	0x00000000
Data Array:

007 007 007 007 007 007 007 007 007 007 007 007 007 007 007 007 007 007 007 007 007 006 006 006 006 006 006 006 006 006 006 006 006 006 006 006 006 006 006 006 006 006 006 006 006 006 006 006 006 006 006 006 006 006 006 006 006 006 006 006 006 006 006 006 006 006 006 006 006 006 006 006 006 006 006 006 006 006 006 006 006 006 006 006 006 006 006 006 006 006 006 006 006 006 006 006 006 006 006 006 006 006 006 006 006 006 006 006 006 006 006 006 006 006 006 006 006 006 006 006 006 006 006 006 006 006 006 006 006 006 006 006 006 006 006 006 006 006 006 006 006 006 006 006 
007 007 007 007 007 007 007 007 007 007 007 007 007 007 007 007 007 007 007 007 006 006 006 006 006 006 006 006 006 006 006 006 006 006 006 006 006 006 006 006 006 006 006 006 006 006 006 006 006 006 006 006 006 006 006 006 006 006 006 006 006 006 006 006 006 006 006 006 006 006 006 006 006 006 006 006 006 006 006 006 006 006 006 006 006 006 006 006 006 006 006 006 006 006 006 006 006 006 006 006 006 006 006 006 006 006 006 006 006 006 006 006 006 006 006 006 006 006 006 006 006 006 006 006 006 006 006 006 006 006 006 006 006 006 006 006 006 006 006 006 006 006 006 006 
007 007 007 007 007 007 007 007 007 007 007 007 007 007 007 007 007 007 006 006 006 006 006 006 006 006 006 006 006 006 006 006 006 006 006 006 006 006 006 006 006 006 006 006 006 006 006 006 006 006 006 006 006 006 006 006 006 006 006 006 006 006 006 006 006 006 006 006 006 006 006 006 006 006 006 006 006 006 006 006 006 006 006 006 006 006 006 006 006 006 006 006 006 006 006 006 006 006 006 006 006 006 006 006 006 006 006 006 006 006 006 006 006 006 006 006 006 006 006 006 006 006 006 006 006 006 006 006 006 006 006 006 006 006 006 006 006 006 006 006 006 006 006 006 
007 007 007 007 007 007 007 007 007 007 007 007 007 007 007 007 007 007 006 006 006 006 006 006 006 006 006 006 006 006 006 006 006 006 006 006 006 006 006 006 006 006 006 006 006 006 006 006 006 006 006 006 006 006 006 006 006 006 006 006 006 006 006 006 006 006 006 006 006 006 006 006 006 006 006 006 006 006 006 006 006 006 006 006 006 006 006 006 006 006 006 006 006 006 006 004 004 004 006 006 006 006 006 006 006 006 006 006 006 006 006 006 006 006 006 006 006 006 006 006 006 006 006 006 006 006 006 006 006 006 006 006 006 006 006 006 006 006 006 006 006 006 006 006 
007 007 007 007 007 007 007 007 007 007 007 007 007 007 007 007 007 006 006 006 006 006 006 006 006 006 006 006 006 006 006 006 006 006 006 006 006 006 006 006 006 006 006 006 006 006 006 006 006 006 006 006 006 006 006 006 006 006 006 006 006 006 006 006 006 006 006 006 006 006 006 006 006 006 006 006 006 006 006 006 006 006 006 006 006 006 006 006 006 006 006 006 006 004 004 004 004 004 004 004 004 006 006 006 006 006 006 006 006 006 006 006 006 006 006 006 006 006 006 006 006 006 006 006 006 006 006 006 006 006 006 006 006 006 006 006 006 006 006 006 006 006 006 006 
007 007 007 007 007 007 007 007 007 007 007 007 007 007 007 007 006 006 006 006 006 006 006 006 006 006 006 006 006 006 006 006 006 006 006 006 006 006 006 006 006 006 006 006 006 006 006 006 006 006 006 006 006 006 006 006 006 006 006 006 006 006 006 006 006 006 006 006 006 006 006 006 006 006 006 006 006 006 006 006 006 006 006 006 006 006 006 006 006 006 006 006 004 004 004 000 000 000 004 004 004 004 004 006 006 006 006 006 006 006 006 006 006 006 006 006 006 006 006 006 006 006 006 006 006 006 006 006 006 006 006 006 006 006 006 006 006 006 006 006 006 006 006 006 
007 007 007 007 007 007 007 007 007 007 007 007 007 007 007 006 006 006 006 006 006 006 006 006 006 006 006 006 006 006 006 006 006 006 006 006 006 006 006 006 006 006 006 006 006 006 006 006 006 006 006 006 006 006 006 006 006 006 006 006 006 006 006 006 006 006 006 006 006 006 006 006 006 006 006 006 006 006 006 006 006 006 006 006 006 006 006 006 006 006 006 006 004 004 004 004 000 000 004 004 004 004 004 004 004 006 006 006 006 006 006 006 006 006 006 006 006 006 006 006 006 006 006 006 006 006 006 006 006 006 006 006 006 006 006 006 006 006 006 006 006 006 006 006 
007 007 007 007 007 007 007 007 007 007 007 007 007 007 006 006 006 006 006 006 006 006 006 006 006 006 006 006 006 006 006 006 006 006 006 006 006 006 006 006 006 006 006 006 006 006 006 006 006 006 006 006 006 006 006 006 006 006 006 006 006 006 006 006 006 006 006 006 006 006 006 006 006 006 006 006 006 006 006 006 006 006 006 006 006 006 006 006 006 006 006 004 004 004 004 004 000 000 000 004 004 004 004 004 004 004 006 006 006 006 006 006 006 006 006 006 006 006 006 006 006 006 006 006 006 006 006 006 006 006 006 006 006 006 006 006 006 006 006 006 006 006 006 006 
007 007 007 007 007 007 007 007 007 007 007 007 007 007 006 006 006 006 006 006 006 006 006 006 006 006 006 006 006 006 006 006 006 006 006 006 006 006 006 006 006 006 006 006 006 006 006 006 006 006 006 006 006 006 006 006 006 006 006 006 006 006 006 006 006 006 006 006 006 006 006 006 006 006 006 006 006 006 006 006 006 006 006 006 006 006 006 006 006 006 004 004 004 004 004 004 000 001 000 000 004 004 000 000 004 004 004 006 006 006 006 006 006 006 006 006 006 006 006 006 006 006 006 006 006 006 006 006 006 006 006 006 006 006 006 006 006 006 006 006 006 006 006 006 
007 007 007 007 007 007 007 007 007 007 007 007 007 006 006 006 006 006 006 006 006 006 006 006 006 006 006 006 006 006 006 006 006 006 006 006 006 006 006 006 006 006 006 006 006 006 006 006 006 006 006 006 006 006 006 006 006 006 006 006 006 006 006 006 006 006 006 006 006 006 006 006 006 006 006 006 006 006 006 006 006 006 006 006 006 006 006 006 006 004 004 004 004 004 004 004 000 000 001 000 000 000 000 000 004 004 004 004 006 006 006 006 006 006 006 006 006 006 006 006 006 006 006 006 006 006 006 006 006 006 006 006 006 006 006 006 006 006 006 006 006 006 006 006 
007 007 007 007 007 007 007 007 007 007 007 007 006 006 006 006 006 006 006 006 006 006 006 006 006 006 006 006 006 006 006 006 006 006 006 006 006 006 006 006 006 006 006 006 006 006 006 006 006 006 006 006 006 006 006 006 006 006 006 006 006 006 006 006 006 006 006 006 006 006 006 006 006 006 006 006 006 006 006 006 006 006 006 006 006 006 006 006 004 004 004 004 004 004 004 004 000 000 000 000 000 001 000 000 004 004 004 004 006 006 006 006 006 006 006 006 006 006 006 006 006 006 006 006 006 006 006 006 006 006 006 006 006 006 006 006 006 006 006 006 006 006 006 006 
007 007 007 007 007 007 007 007 007 007 007 007 006 006 006 006 006 006 006 006 006 006 006 006 006 006 006 006 006 006 006 006 006 006 006 006 006 006 006 006 006 006 006 006 006 006 006 006 006 006 006 006 006 006 006 006 006 006 006 006 006 006 006 006 006 006 006 006 006 006 006 006 006 006 006 006 006 006 006 006 006 006 006 006 006 006 006 004 004 004 004 004 004 004 004 004 000 000 000 001 001 000 000 004 004 004 004 004 004 006 006 006 006 006 006 006 006 006 006 006 006 006 006 006 006 006 006 006 006 006 006 006 006 006 006 006 006 006 006 006 006 006 006 006 
007 007 007 007 007 007 007 007 007 007 006 006 006 006 006 006 006 006 006 006 006 006 006 006 006 006 006 006 006 006 006 006 006 006 006 006 006 006 006 006 006 006 006 006 006 006 006 006 006 006 006 006 006 006 006 006 006 006 006 006 006 006 006 006 006 006 006 006 006 006 006 006 006 006 006 006 006 006 006 006 006 006 006 006 006 004 004 004 004 004 004 004 004 004 004 000 000 000 000 001 000 000 000 004 004 004 004 004 004 004 006 006 006 006 006 006 006 006 006 006 006 006 006 006 006 006 006 006 006 006 006 006 006 006 006 006 006 006 006 006 006 006 006 006 
007 007 007 007 007 007 007 007 007 007 006 006 006 006 006 006 006 006 006 006 006 006 006 006 006 006 006 006 006 006 006 006 006 006 006 006 006 006 006 006 006 006 006 006 006 006 006 006 006 006 006 006 006 006 006 006 006 006 006 006 006 006 006 006 006 006 006 006 006 006 006 006 006 006 006 006 006 006 006 006 006 006 006 006 004 004 004 004 004 004 004 004 004 000 000 000 000 001 001 003 001 000 000 000 004 004 004 004 004 004 004 006 006 006 006 006 006 006 006 006 006 006 006 006 006 006 006 006 006 006 006 006 006 006 006 006 006 006 006 006 006 006 006 006 
007 007 007 007 007 007 007 007 007 006 006 006 006 006 006 006 006 006 006 006 006 006 006 006 006 006 006 006 006 006 006 006 006 006 006 006 006 006 006 006 006 006 006 006 006 006 006 006 006 006 006 006 006 006 006 006 006 006 006 006 006 006 006 006 006 006 006 006 006 006 006 006 006 006 006 006 006 006 006 006 006 006 004 004 004 004 004 004 004 004 004 004 000 000 000 000 000 000 007 007 003 000 000 000 000 000 004 004 004 004 004 004 006 006 006 006 006 006 006 006 006 006 006 006 006 006 006 006 006 006 006 006 006 006 006 006 006 006 006 006 006 006 006 006 
007 007 007 007 007 007 007 007 007 006 006 006 006 006 006 006 006 006 006 006 006 006 006 006 006 006 006 006 006 006 006 006 006 006 006 006 006 006 006 006 006 006 006 006 006 006 006 006 006 006 006 006 006 006 006 006 006 006 006 006 006 006 006 006 006 006 006 006 006 006 006 006 006 006 006 006 006 006 006 006 004 004 004 004 004 004 004 004 004 004 004 000 000 001 001 000 001 003 007 007 003 000 000 000 000 000 004 004 004 004 004 004 004 006 006 006 006 006 006 006 006 006 006 006 006 006 006 006 006 006 006 006 006 006 006 006 006 006 006 006 006 006 006 006 
007 007 007 007 007 007 007 007 006 006 006 006 006 006 006 006 006 006 006 006 006 006 006 006 006 006 006 006 006 006 006 006 006 006 006 006 006 006 006 006 006 006 006 006 006 006 006 006 006 006 006 006 006 006 006 006 006 006 006 006 006 006 006 006 006 006 006 006 006 006 006 006 006 006 006 006 006 006 006 004 004 004 004 004 004 004 004 004 004 004 004 000 000 000 001 003 007 007 007 007 007 007 001 001 001 000 004 004 004 004 004 004 004 004 004 006 006 006 006 006 006 006 006 006 006 006 006 006 006 006 006 006 006 006 006 006 006 006 006 006 006 006 006 006 
007 007 007 007 007 007 007 007 006 006 006 006 006 006 006 006 006 006 006 006 006 006 006 006 006 006 006 006 006 006 006 006 006 006 006 006 006 006 006 006 006 006 006 006 006 006 006 006 006 006 006 006 006 006 006 006 006 006 006 006 006 006 006 006 006 006 006 006 006 006 006 006 006 006 006 006 006 004 004 004 004 004 004 004 004 004 004 004 004 004 004 000 000 000 000 007 007 007 007 007 007 007 007 001 000 000 004 004 004 004 004 004 004 004 004 004 004 006 006 006 006 006 006 006 006 006 006 006 006 006 006 006 006 006 006 006 006 006 006 006 006 006 006 006 
007 007 007 007 007 007 007 006 006 006 006 006 006 006 006 006 006 006 006 006 006 006 006 006 006 006 006 006 006 006 006 006 006 006 006 006 006 006 006 006 006 006 006 006 006 006 006 006 006 006 006 006 006 006 006 006 006 006 006 006 006 006 006 006 006 006 006 006 006 006 006 006 006 006 006 004 004 004 004 004 004 004 004 004 004 004 004 004 004 004 004 000 000 000 003 007 007 007 007 007 007 007 007 001 000 000 004 004 004 004 004 004 004 004 004 004 004 004 006 006 006 006 006 006 006 006 006 006 006 006 006 006 006 006 006 006 006 006 006 006 006 006 006 006 
007 007 007 007 007 007 006 006 006 006 006 006 006 006 006 006 006 006 006 006 006 006 006 006 006 006 006 006 006 006 006 006 006 006 006 006 006 006 006 006 006 006 006 006 006 006 006 006 006 006 006 006 006 006 006 006 006 006 006 006 006 006 006 006 006 006 006 006 006 006 006 006 006 006 004 004 004 004 004 004 004 004 004 004 004 004 004 004 004 004 000 000 000 000 003 007 007 007 007 007 007 007 007 003 000 000 000 004 004 004 004 004 004 004 004 004 004 004 004 004 006 006 006 006 006 006 006 006 006 006 006 006 006 006 006 006 006 006 006 006 006 006 006 006 
007 007 007 007 007 007 006 006 006 006 006 006 006 006 006 006 006 006 006 006 006 006 006 006 006 006 006 006 006 006 006 006 006 006 006 006 006 006 006 006 006 006 006 006 006 006 006 006 006 006 006 006 006 006 006 006 006 006 006 006 006 006 006 006 006 006 006 006 006 006 006 006 006 004 004 004 004 004 004 004 004 004 004 000 000 004 004 000 000 000 000 000 000 000 001 007 007 007 007 007 007 007 007 000 000 000 000 000 000 004 004 004 004 004 004 004 004 004 004 004 004 006 006 006 006 006 006 006 006 006 006 006 006 006 006 006 006 006 006 006 006 006 006 006 
007 007 007 007 007 006 006 006 006 006 006 006 006 006 006 006 006 006 006 006 006 006 006 006 006 006 006 006 006 006 006 006 006 006 006 006 006 006 006 006 006 006 006 006 006 006 006 006 006 006 006 006 006 006 006 006 006 006 006 006 006 006 006 006 006 006 006 006 006 006 006 004 004 004 004 004 004 004 004 000 000 000 000 001 000 000 000 000 000 000 000 000 000 000 000 003 007 007 007 007 007 007 003 000 000 000 000 000 000 000 004 004 004 004 004 004 000 000 000 004 004 006 006 006 006 006 006 006 006 006 006 006 006 006 006 006 006 006 006 006 006 006 006 006 
007 007 007 007 007 006 006 006 006 006 006 006 006 006 006 006 006 006 006 006 006 006 006 006 006 006 006 006 006 006 006 006 006 006 006 006 006 006 006 006 006 006 006 006 006 006 006 006 006 006 006 006 006 006 006 006 006 006 006 006 006 006 006 006 006 006 006 006 006 006 004 004 004 004 004 004 004 004 004 000 000 001 001 001 000 000 000 000 001 003 000 000 003 000 001 001 003 007 007 007 007 003 000 001 000 001 000 000 001 003 000 000 004 004 004 000 000 000 000 004 004 004 006 006 006 006 006 006 006 006 006 006 006 006 006 006 006 006 006 006 006 006 006 006 
007 007 007 007 007 006 006 006 006 006 006 006 006 006 006 006 006 006 006 006 006 006 006 006 006 006 006 006 006 006 006 006 006 006 006 006 006 006 006 006 006 006 006 006 006 006 006 006 006 006 006 006 006 006 006 006 006 006 006 006 006 006 006 006 006 006 006 006 004 004 004 004 004 004 004 004 004 004 004 000 000 003 003 000 000 000 000 000 001 007 003 003 007 007 007 007 007 007 007 007 007 007 007 007 007 007 003 000 007 003 000 000 000 000 000 000 000 001 000 004 004 004 006 006 006 006 006 006 006 006 006 006 006 006 006 006 006 006 006 006 006 006 006 006 
007 007 007 007 006 006 006 006 006 006 006 006 006 006 006 006 006 006 006 006 006 006 006 006 006 006 006 006 006 006 006 006 006 006 006 006 006 006 006 006 006 006 006 006 006 006 006 006 006 006 006 006 006 006 006 006 006 006 006 006 006 006 006 006 006 006 004 004 004 004 004 004 004 004 004 004 004 004 004 000 001 000 003 007 007 003 000 000 003 007 007 007 007 007 007 007 007 007 007 007 007 007 007 007 007 007 007 007 007 001 000 000 000 000 001 000 000 000 000 000 004 004 004 006 006 006 006 006 006 006 006 006 006 006 006 006 006 006 006 006 006 006 006 006 
007 007 007 007 006 006 006 006 006 006 006 006 006 006 006 006 006 006 006 006 006 006 006 006 006 006 006 006 006 006 006 006 006 006 006 006 006 006 006 006 006 006 006 006 006 006 006 006 006 006 006 006 006 006 006 006 006 006 006 006 006 006 006 006 004 004 004 004 004 004 004 004 004 004 004 004 004 004 004 000 000 000 003 007 007 007 001 007 007 007 007 007 007 007 007 007 007 007 007 007 007 007 007 007 007 007 007 007 007 007 003 000 000 003 007 003 003 003 001 000 004 004 004 006 006 006 006 006 006 006 006 006 006 006 006 006 006 006 006 006 006 006 006 006 
007 007 007 007 006 006 006 006 006 006 006 006 006 006 006 006 006 006 006 006 006 006 006 006 006 006 006 006 006 006 006 006 006 006 006 006 006 006 006 006 006 006 006 006 006 006 006 006 006 006 006 006 006 006 006 006 006 006 006 006 004 004 004 004 004 004 004 004 004 004 004 004 004 004 004 004 004 004 000 000 000 001 007 007 007 007 007 007 007 007 007 007 007 007 007 007 007 007 007 007 007 007 007 007 007 007 007 007 007 007 007 003 001 007 007 007 007 000 000 000 004 004 004 006 006 006 006 006 006 006 006 006 006 006 006 006 006 006 006 006 006 006 006 006 
007 007 007 006 006 006 006 006 006 006 006 006 006 006 006 006 006 006 006 006 006 006 006 006 006 006 006 006 006 006 006 006 006 006 006 006 006 006 006 006 006 006 006 006 006 006 006 006 006 006 006 006 006 006 006 006 004 004 004 004 004 004 004 004 004 004 004 004 004 004 004 004 004 004 004 004 004 004 000 000 000 000 001 007 007 007 007 007 007 007 007 007 007 007 007 007 007 007 007 007 007 007 007 007 007 007 007 007 007 007 007 007 007 007 007 007 007 000 000 004 004 004 004 004 006 006 006 006 006 006 006 006 006 006 006 006 006 006 006 006 006 006 006 006 
007 007 006 006 006 006 006 006 006 006 006 006 006 006 006 006 006 006 006 006 006 006 006 006 006 006 006 006 006 006 006 006 006 006 006 006 006 006 006 006 006 006 006 006 006 006 006 006 006 006 006 006 006 004 004 004 004 004 004 004 004 004 004 004 004 004 004 004 004 004 004 004 004 004 004 004 004 000 000 000 000 000 000 007 007 007 007 007 007 007 007 007 007 007 007 007 007 007 007 007 007 007 007 007 007 007 007 007 007 007 007 007 007 007 007 007 003 000 000 004 004 004 004 004 006 006 006 006 006 006 006 006 006 006 006 006 006 006 006 006 006 006 006 006 
007 007 006 006 006 006 006 006 006 006 006 006 006 006 006 006 006 006 006 006 006 006 006 006 006 006 006 006 006 006 006 006 006 006 006 006 006 006 006 006 006 006 006 006 006 006 006 006 006 006 006 006 004 004 004 004 004 004 004 004 004 004 004 004 004 004 004 004 004 004 004 004 004 004 004 000 000 000 001 000 000 003 007 007 007 007 007 007 007 007 007 007 007 007 007 007 007 007 007 007 007 007 007 007 007 007 007 007 007 007 007 007 007 007 007 001 000 000 000 004 004 004 004 004 006 006 006 006 006 006 006 006 006 006 006 006 006 006 006 006 006 006 006 006 
007 007 006 006 006 006 006 006 006 006 006 006 006 006 006 006 006 006 006 006 006 006 006 006 006 006 006 006 006 006 006 006 006 006 006 006 006 006 006 006 006 006 006 006 006 006 006 006 006 006 006 004 004 004 004 004 004 004 004 004 004 004 004 004 004 004 004 004 004 004 004 004 004 004 004 000 000 003 003 007 003 007 007 007 007 007 007 007 007 007 007 007 007 007 007 007 007 007 007 007 007 007 007 007 007 007 007 007 007 007 007 007 007 007 007 003 000 000 000 004 004 004 004 004 006 006 006 006 006 006 006 006 006 006 006 006 006 006 006 006 006 006 006 006 
007 006 006 006 006 006 006 006 006 006 006 006 006 006 006 006 006 006 006 006 006 006 006 006 006 006 006 006 006 006 006 006 006 006 006 006 006 006 006 006 006 006 006 006 006 006 006 006 006 006 004 004 004 004 000 000 004 004 004 004 004 004 004 004 004 004 004 004 004 004 004 004 004 004 000 000 000 000 003 007 007 007 007 007 007 007 007 007 007 007 007 007 007 007 007 007 007 007 007 007 007 007 007 007 007 007 007 007 007 007 007 007 007 007 007 007 003 001 000 000 004 004 004 004 004 006 006 006 006 006 006 006 006 006 006 006 006 006 006 006 006 006 006 006 
007 006 006 006 006 006 006 006 006 006 006 006 006 006 006 006 006 006 006 006 006 006 006 006 006 006 006 006 006 006 006 006 006 006 006 006 006 006 006 006 006 006 006 006 006 006 006 006 006 004 004 004 004 004 000 000 000 004 004 004 004 004 004 000 000 004 004 004 004 004 004 004 004 000 000 000 000 000 001 007 007 007 007 007 007 007 007 007 007 007 007 007 007 007 007 007 007 007 007 007 007 007 007 007 007 007 007 007 007 007 007 007 007 007 007 007 007 000 000 000 000 000 004 004 004 006 006 006 006 006 006 006 006 006 006 006 006 006 006 006 006 006 006 006 
007 006 006 006 006 006 006 006 006 006 006 006 006 006 006 006 006 006 006 006 006 006 006 006 006 006 006 006 006 006 006 006 006 006 006 006 006 006 006 006 006 006 006 006 006 006 006 006 004 004 004 004 004 004 000 000 000 000 000 004 004 004 000 000 000 000 000 004 004 004 004 000 000 000 000 000 001 001 001 007 007 007 007 007 007 007 007 007 007 007 007 007 007 007 007 007 007 007 007 007 007 007 007 007 007 007 007 007 007 007 007 007 007 007 007 007 007 001 001 000 000 000 004 004 004 006 006 006 006 006 006 006 006 006 006 006 006 006 006 006 006 006 006 006 
007 006 006 006 006 006 006 006 006 006 006 006 006 006 006 006 006 006 006 006 006 006 006 006 006 006 006 006 006 006 006 006 006 006 006 006 006 006 006 006 006 006 006 006 006 006 006 004 004 004 004 004 004 004 000 000 000 000 000 000 000 000 000 001 000 000 000 000 000 000 000 000 000 000 000 000 003 007 007 007 007 007 007 007 007 007 007 007 007 007 007 007 007 007 007 007 007 007 007 007 007 007 007 007 007 007 007 007 007 007 007 007 007 007 007 007 007 007 007 007 001 000 004 004 004 006 006 006 006 006 006 006 006 006 006 006 006 006 006 006 006 006 006 006 
006 006 006 006 006 006 006 006 006 006 006 006 006 006 006 006 006 006 006 006 006 006 006 006 006 006 006 006 006 006 006 006 006 006 006 006 006 006 006 006 006 006 006 006 006 006 004 004 004 004 004 004 004 004 000 000 000 000 000 000 000 000 000 000 001 000 000 000 000 000 000 000 000 000 000 000 000 007 007 007 007 007 007 007 007 007 007 007 007 007 007 007 007 007 007 007 007 007 007 007 007 007 007 007 007 007 007 007 007 007 007 007 007 007 007 007 007 007 007 007 001 000 004 004 004 006 006 006 006 006 006 006 006 006 006 006 006 006 006 006 006 006 006 006 
006 006 006 006 006 006 006 006 006 006 006 006 006 006 006 006 006 006 006 006 006 006 006 006 006 006 006 006 006 006 006 006 006 006 006 006 006 006 006 006 006 006 006 006 006 004 004 004 004 004 004 004 004 004 000 000 000 001 003 001 000 000 000 000 001 003 000 000 001 000 000 000 000 000 000 000 003 007 007 007 007 007 007 007 007 007 007 007 007 007 007 007 007 007 007 007 007 007 007 007 007 007 007 007 007 007 007 007 007 007 007 007 007 007 007 007 007 007 003 000 000 004 004 004 004 006 006 006 006 006 006 006 006 006 006 006 006 006 006 006 006 006 006 006 
006 006 006 006 006 006 006 006 006 006 006 006 006 006 006 006 006 006 006 006 006 006 006 006 006 006 006 006 006 006 006 006 006 006 006 006 006 006 006 006 006 006 006 006 004 004 004 004 004 004 004 004 004 004 000 000 000 000 001 007 007 000 000 001 003 007 003 001 003 000 000 000 000 000 000 000 007 007 007 007 007 007 007 007 007 007 007 007 007 007 007 007 007 007 007 007 007 007 007 007 007 007 007 007 007 007 007 007 007 007 007 007 007 007 007 007 007 007 003 000 000 004 004 004 004 006 006 006 006 006 006 006 006 006 006 006 006 006 006 006 006 006 006 006 
006 006 006 006 006 006 006 006 006 006 006 006 006 006 006 006 006 006 006 006 006 006 006 006 006 006 006 006 006 006 006 006 006 006 006 006 006 006 006 006 006 006 004 004 004 004 004 004 004 004 004 004 004 004 000 000 000 000 003 007 007 003 007 007 007 007 007 007 007 003 003 000 000 000 000 001 007 007 007 007 007 007 007 007 007 007 007 007 007 007 007 007 007 007 007 007 007 007 007 007 007 007 007 007 007 007 007 007 007 007 007 007 007 007 007 007 007 007 007 000 000 004 004 004 004 006 006 006 006 006 006 006 006 006 006 006 006 006 006 006 006 006 006 006 
006 006 006 006 006 006 006 006 006 006 006 006 006 006 006 006 006 006 006 006 006 006 006 006 006 006 006 006 006 006 006 006 006 006 006 006 006 006 006 006 006 004 004 004 004 004 004 004 004 004 004 004 004 000 000 000 000 000 001 007 007 007 007 007 007 007 007 007 007 007 007 003 000 000 000 003 007 007 007 007 007 007 007 007 007 007 007 007 007 007 007 007 007 007 007 007 007 007 007 007 007 007 007 007 007 007 007 007 007 007 007 007 007 007 007 007 007 007 007 007 001 000 004 004 004 006 006 006 006 006 006 006 006 006 006 006 006 006 006 006 006 006 006 006 
006 006 006 006 006 006 006 006 006 006 006 006 006 006 006 006 006 006 006 006 006 006 006 006 006 006 006 006 006 006 006 006 006 006 006 006 006 006 006 004 004 004 004 004 004 004 004 004 004 004 004 004 000 000 000 000 000 000 003 007 007 007 007 007 007 007 007 007 007 007 007 007 003 000 000 007 007 007 007 007 007 007 007 007 007 007 007 007 007 007 007 007 007 007 007 007 007 007 007 007 007 007 007 007 007 007 007 007 007 007 007 007 007 007 007 007 007 007 007 001 000 004 004 004 004 006 006 006 006 006 006 006 006 006 006 006 006 006 006 006 006 006 006 006 
006 006 006 006 006 006 006 006 006 006 006 006 006 006 006 006 006 006 006 006 006 006 006 006 006 006 006 006 006 006 006 006 006 006 006 006 004 004 004 004 004 004 004 004 004 004 004 004 000 000 000 000 000 000 000 001 003 007 007 007 007 007 007 007 007 007 007 007 007 007 007 007 007 001 000 007 007 007 007 007 007 007 007 007 007 007 007 007 007 007 007 007 007 007 007 007 007 007 007 007 007 007 007 007 007 007 007 007 007 007 007 007 007 007 007 007 007 007 003 000 004 004 004 004 004 006 006 006 006 006 006 006 006 006 006 006 006 006 006 006 006 006 006 006 
006 006 006 006 006 006 006 006 006 006 006 006 006 006 006 006 006 006 006 006 006 006 006 006 006 006 006 006 006 006 006 006 006 006 004 004 004 004 004 004 004 004 004 004 004 004 004 004 000 000 000 000 000 000 000 000 003 007 007 007 007 007 007 007 007 007 007 007 007 007 007 007 007 007 000 007 007 007 007 007 007 007 007 007 007 007 007 007 007 007 007 007 007 007 007 007 007 007 007 007 007 007 007 007 007 007 007 007 007 007 007 007 007 007 007 007 007 007 007 000 004 004 004 004 004 006 006 006 006 006 006 006 006 006 006 006 006 006 006 006 006 006 006 006 
006 006 006 006 006 006 006 006 006 006 006 006 006 006 006 006 006 006 006 006 006 006 006 006 006 006 006 006 006 006 006 006 004 004 004 004 004 004 004 004 004 004 004 004 004 004 004 004 000 000 000 000 000 000 000 001 007 007 007 007 007 007 007 007 007 007 007 007 007 007 007 007 007 007 003 007 007 007 007 007 007 007 007 007 007 007 007 007 007 007 007 007 007 007 007 007 007 007 007 007 007 007 007 007 007 007 007 007 007 007 007 007 007 007 007 007 007 007 001 000 004 004 004 004 004 006 006 006 006 006 006 006 006 006 006 006 006 006 006 006 006 006 006 006 
006 006 006 006 006 006 006 006 006 006 006 006 006 006 006 006 006 006 006 006 006 006 006 006 006 006 006 006 006 006 004 004 004 004 004 004 004 004 004 004 004 004 004 004 004 004 004 000 000 000 001 001 000 001 000 001 007 007 007 007 007 007 007 007 007 007 007 007 007 007 007 007 007 007 007 007 007 007 007 007 007 007 007 007 007 007 007 007 007 007 007 007 007 007 007 007 007 007 007 007 007 007 007 007 007 007 007 007 007 007 007 007 007 007 007 007 007 007 000 004 004 004 004 004 004 006 006 006 006 006 006 006 006 006 006 006 006 006 006 006 006 006 006 006 
006 006 006 006 006 006 006 006 006 006 006 006 006 006 006 006 006 006 006 006 006 006 006 006 006 006 006 006 006 004 004 004 004 004 004 000 004 004 004 004 004 004 004 004 004 000 000 000 000 000 000 003 007 007 003 003 007 007 007 007 007 007 007 007 007 007 007 007 007 007 007 007 007 007 007 007 007 007 007 007 007 007 007 007 007 007 007 007 007 007 007 007 007 007 007 007 007 007 007 007 007 007 007 007 007 007 007 007 007 007 007 007 007 007 007 007 007 000 000 004 004 004 004 004 004 006 006 006 006 006 006 006 006 006 006 006 006 006 006 006 006 006 006 006 
006 006 006 006 006 006 006 006 006 006 006 006 006 006 006 006 006 006 006 006 006 006 006 006 006 006 006 004 004 004 004 004 004 004 004 000 000 000 004 004 000 000 000 000 000 000 000 000 000 000 000 007 007 007 007 007 007 007 007 007 007 007 007 007 007 007 007 007 007 007 007 007 007 007 007 007 007 007 007 007 007 007 007 007 007 007 007 007 007 007 007 007 007 007 007 007 007 007 007 007 007 007 007 007 007 007 007 007 007 007 007 007 007 007 007 007 000 000 004 004 004 004 004 004 004 006 006 006 006 006 006 006 006 006 006 006 006 006 006 006 006 006 006 006 
006 006 006 006 006 006 006 006 006 006 006 006 006 006 006 006 006 006 006 006 006 006 006 006 006 006 004 004 000 000 000 000 000 000 000 003 007 000 000 000 000 000 000 000 000 000 001 001 000 003 007 007 007 007 007 007 007 007 007 007 007 007 007 007 007 007 007 007 007 007 007 007 007 007 007 007 007 007 007 007 007 007 007 007 007 007 007 007 007 007 007 007 007 007 007 007 007 007 007 007 007 007 007 007 007 007 007 007 007 007 007 007 007 007 007 000 000 000 004 004 004 004 004 004 004 006 006 006 006 006 006 006 006 006 006 006 006 006 006 006 006 006 006 006 
006 006 006 006 006 006 006 006 006 006 006 006 006 006 006 006 006 006 006 006 006 006 006 006 006 006 004 004 000 000 000 000 000 000 000 003 007 000 000 000 000 000 000 000 000 000 001 001 000 003 007 007 007 007 007 007 007 007 007 007 007 007 007 007 007 007 007 007 007 007 007 007 007 007 007 007 007 007 007 007 007 007 007 007 007 007 007 007 007 007 007 007 007 007 007 007 007 007 007 007 007 007 007 007 007 007 007 007 007 007 007 007 007 007 007 000 000 000 004 004 004 004 004 004 004 006 006 006 006 006 006 006 006 006 006 006 006 006 006 006 006 006 006 006 
006 006 006 006 006 006 006 006 006 006 006 006 006 006 006 006 006 006 006 006 006 006 006 006 006 006 006 004 004 004 004 004 004 004 004 000 000 004 004 004 000 000 000 000 000 000 000 000 000 000 000 007 007 007 007 007 007 007 007 007 007 007 007 007 007 007 007 007 007 007 007 007 007 007 007 007 007 007 007 007 007 007 007 007 007 007 007 007 007 007 007 007 007 007 007 007 007 007 007 007 007 007 007 007 007 007 007 007 007 007 007 007 007 007 007 007 001 000 004 004 004 004 004 004 004 006 006 006 006 006 006 006 006 006 006 006 006 006 006 006 006 006 006 006 
006 006 006 006 006 006 006 006 006 006 006 006 006 006 006 006 006 006 006 006 006 006 006 006 006 006 006 006 006 004 004 004 004 004 004 004 004 004 004 004 004 004 004 004 004 000 000 000 000 000 000 003 007 007 003 003 007 007 007 007 007 007 007 007 007 007 007 007 007 007 007 007 007 007 007 007 007 007 007 007 007 007 007 007 007 007 007 007 007 007 007 007 007 007 007 007 007 007 007 007 007 007 007 007 007 007 007 007 007 007 007 007 007 007 007 007 007 000 000 004 004 004 004 004 004 006 006 006 006 006 006 006 006 006 006 006 006 006 006 006 006 006 006 006 
006 006 006 006 006 006 006 006 006 006 006 006 006 006 006 006 006 006 006 006 006 006 006 006 006 006 006 006 006 006 006 004 004 004 004 004 004 004 004 004 004 004 004 004 004 004 004 000 000 000 001 000 000 000 000 001 007 007 007 007 007 007 007 007 007 007 007 007 007 007 007 007 007 007 007 007 007 007 007 007 007 007 007 007 007 007 007 007 007 007 007 007 007 007 007 007 007 007 007 007 007 007 007 007 007 007 007 007 007 007 007 007 007 007 007 007 007 007 000 004 004 004 004 004 004 006 006 006 006 006 006 006 006 006 006 006 006 006 006 006 006 006 006 006 
006 006 006 006 006 006 006 006 006 006 006 006 006 006 006 006 006 006 006 006 006 006 006 006 006 006 006 006 006 006 006 006 004 004 004 004 004 004 004 004 004 004 004 004 004 004 004 004 000 000 000 000 000 000 000 001 007 007 007 007 007 007 007 007 007 007 007 007 007 007 007 007 007 007 003 007 007 007 007 007 007 007 007 007 007 007 007 007 007 007 007 007 007 007 007 007 007 007 007 007 007 007 007 007 007 007 007 007 007 007 007 007 007 007 007 007 007 007 001 000 004 004 004 004 004 006 006 006 006 006 006 006 006 006 006 006 006 006 006 006 006 006 006 006 
006 006 006 006 006 006 006 006 006 006 006 006 006 006 006 006 006 006 006 006 006 006 006 006 006 006 006 006 006 006 006 006 006 006 006 004 004 004 004 004 004 004 004 004 004 004 004 004 000 000 000 000 000 000 000 000 003 007 007 007 007 007 007 007 007 007 007 007 007 007 007 007 007 007 000 007 007 007 007 007 007 007 007 007 007 007 007 007 007 007 007 007 007 007 007 007 007 007 007 007 007 007 007 007 007 007 007 007 007 007 007 007 007 007 007 007 007 007 007 000 004 004 004 004 004 006 006 006 006 006 006 006 006 006 006 006 006 006 006 006 006 006 006 006 
006 006 006 006 006 006 006 006 006 006 006 006 006 006 006 006 006 006 006 006 006 006 006 006 006 006 006 006 006 006 006 006 006 006 006 006 006 004 004 004 004 004 004 004 004 004 004 004 000 000 000 000 000 000 000 001 003 007 007 007 007 007 007 007 007 007 007 007 007 007 007 007 007 001 000 007 007 007 007 007 007 007 007 007 007 007 007 007 007 007 007 007 007 007 007 007 007 007 007 007 007 007 007 007 007 007 007 007 007 007 007 007 007 007 007 007 007 007 003 000 004 004 004 004 004 006 006 006 006 006 006 006 006 006 006 006 006 006 006 006 006 006 006 006 
006 006 006 006 006 006 006 006 006 006 006 006 006 006 006 006 006 006 006 006 006 006 006 006 006 006 006 006 006 006 006 006 006 006 006 006 006 006 006 004 004 004 004 004 004 004 004 004 004 004 004 004 000 000 000 000 000 000 003 007 007 007 007 007 007 007 007 007 007 007 007 007 003 000 000 007 007 007 007 007 007 007 007 007 007 007 007 007 007 007 007 007 007 007 007 007 007 007 007 007 007 007 007 007 007 007 007 007 007 007 007 007 007 007 007 007 007 007 007 003 000 004 004 004 004 006 006 006 006 006 006 006 006 006 006 006 006 006 006 006 006 006 006 006 
006 006 006 006 006 006 006 006 006 006 006 006 006 006 006 006 006 006 006 006 006 006 006 006 006 006 006 006 006 006 006 006 006 006 006 006 006 006 006 006 006 004 004 004 004 004 004 004 004 004 004 004 004 000 000 000 000 000 001 007 007 007 007 007 007 007 007 007 007 007 007 003 000 000 000 003 007 007 007 007 007 007 007 007 007 007 007 007 007 007 007 007 007 007 007 007 007 007 007 007 007 007 007 007 007 007 007 007 007 007 007 007 007 007 007 007 007 007 007 003 001 000 004 004 004 006 006 006 006 006 006 006 006 006 006 006 006 006 006 006 006 006 006 006 
006 006 006 006 006 006 006 006 006 006 006 006 006 006 006 006 006 006 006 006 006 006 006 006 006 006 006 006 006 006 006 006 006 006 006 006 006 006 006 006 006 006 004 004 004 004 004 004 004 004 004 004 004 004 000 000 000 000 003 007 007 003 007 007 007 007 007 007 007 003 001 000 000 000 000 001 007 007 007 007 007 007 007 007 007 007 007 007 007 007 007 007 007 007 007 007 007 007 007 007 007 007 007 007 007 007 007 007 007 007 007 007 007 007 007 007 007 007 007 000 000 004 004 004 004 006 006 006 006 006 006 006 006 006 006 006 006 006 006 006 006 006 006 006 
006 006 006 006 006 006 006 006 006 006 006 006 006 006 006 006 006 006 006 006 006 006 006 006 006 006 006 006 006 006 006 006 006 006 006 006 006 006 006 006 006 006 006 006 004 004 004 004 004 004 004 004 004 004 000 000 000 000 001 007 007 000 000 001 003 007 001 000 003 000 000 000 000 000 000 000 007 007 007 007 007 007 007 007 007 007 007 007 007 007 007 007 007 007 007 007 007 007 007 007 007 007 007 007 007 007 007 007 007 007 007 007 007 007 007 007 007 007 003 000 000 004 004 004 004 006 006 006 006 006 006 006 006 006 006 006 006 006 006 006 006 006 006 006 
006 006 006 006 006 006 006 006 006 006 006 006 006 006 006 006 006 006 006 006 006 006 006 006 006 006 006 006 006 006 006 006 006 006 006 006 006 006 006 006 006 006 006 006 006 004 004 004 004 004 004 004 004 004 000 000 000 001 003 001 000 000 000 000 001 003 000 000 001 000 000 000 000 000 000 000 003 007 007 007 007 007 007 007 007 007 007 007 007 007 007 007 007 007 007 007 007 007 007 007 007 007 007 007 007 007 007 007 007 007 007 007 007 007 007 007 007 007 003 000 000 004 004 004 004 006 006 006 006 006 006 006 006 006 006 006 006 006 006 006 006 006 006 006 
006 006 006 006 006 006 006 006 006 006 006 006 006 006 006 006 006 006 006 006 006 006 006 006 006 006 006 006 006 006 006 006 006 006 006 006 006 006 006 006 006 006 006 006 006 006 004 004 004 004 004 004 004 004 000 000 000 000 000 000 000 000 000 000 001 000 000 000 000 000 000 000 000 000 000 000 000 007 007 007 007 007 007 007 007 007 007 007 007 007 007 007 007 007 007 007 007 007 007 007 007 007 007 007 007 007 007 007 007 007 007 007 007 007 007 007 007 007 007 007 001 000 004 004 004 006 006 006 006 006 006 006 006 006 006 006 006 006 006 006 006 006 006 006 
007 006 006 006 006 006 006 006 006 006 006 006 006 006 006 006 006 006 006 006 006 006 006 006 006 006 006 006 006 006 006 006 006 006 006 006 006 006 006 006 006 006 006 006 006 006 006 004 004 004 004 004 004 004 000 000 000 000 000 000 000 000 000 000 000 000 000 000 000 000 000 000 000 000 000 000 003 007 007 007 007 007 007 007 007 007 007 007 007 007 007 007 007 007 007 007 007 007 007 007 007 007 007 007 007 007 007 007 007 007 007 007 007 007 007 007 007 007 007 003 001 000 004 004 004 006 006 006 006 006 006 006 006 006 006 006 006 006 006 006 006 006 006 006 
007 006 006 006 006 006 006 006 006 006 006 006 006 006 006 006 006 006 006 006 006 006 006 006 006 006 006 006 006 006 006 006 006 006 006 006 006 006 006 006 006 006 006 006 006 006 006 006 004 004 004 004 004 004 000 000 000 000 004 004 004 004 000 000 000 000 000 004 004 004 004 000 000 000 000 000 000 000 001 007 007 007 007 007 007 007 007 007 007 007 007 007 007 007 007 007 007 007 007 007 007 007 007 007 007 007 007 007 007 007 007 007 007 007 007 007 007 001 001 000 000 000 004 004 004 006 006 006 006 006 006 006 006 006 006 006 006 006 006 006 006 006 006 006 
007 006 006 006 006 006 006 006 006 006 006 006 006 006 006 006 006 006 006 006 006 006 006 006 006 006 006 006 006 006 006 006 006 006 006 006 006 006 006 006 006 006 006 006 006 006 006 006 006 004 004 004 004 004 000 000 000 004 004 004 004 004 004 004 000 004 004 004 004 004 004 004 004 000 000 000 000 000 001 007 007 007 007 007 007 007 007 007 007 007 007 007 007 007 007 007 007 007 007 007 007 007 007 007 007 007 007 007 007 007 007 007 007 007 007 007 007 000 000 000 000 000 004 004 004 006 006 006 006 006 006 006 006 006 006 006 006 006 006 006 006 006 006 006 
007 007 006 006 006 006 006 006 006 006 006 006 006 006 006 006 006 006 006 006 006 006 006 006 006 006 006 006 006 006 006 006 006 006 006 006 006 006 006 006 006 006 006 006 006 006 006 006 006 006 004 004 004 004 000 000 004 004 004 004 004 004 004 004 004 004 004 004 004 004 004 004 004 004 000 000 000 000 007 007 007 007 007 007 007 007 007 007 007 007 007 007 007 007 007 007 007 007 007 007 007 007 007 007 007 007 007 007 007 007 007 007 007 007 007 007 003 001 000 000 004 004 004 004 004 006 006 006 006 006 006 006 006 006 006 006 006 006 006 006 006 006 006 006 
007 007 006 006 006 006 006 006 006 006 006 006 006 006 006 006 006 006 006 006 006 006 006 006 006 006 006 006 006 006 006 006 006 006 006 006 006 006 006 006 006 006 006 006 006 006 006 006 006 006 006 004 004 004 004 004 004 004 004 004 004 004 004 004 004 004 004 004 004 004 004 004 004 004 004 000 000 003 003 007 003 007 007 007 007 007 007 007 007 007 007 007 007 007 007 007 007 007 007 007 007 007 007 007 007 007 007 007 007 007 007 007 007 007 007 003 000 000 000 004 004 004 004 004 006 006 006 006 006 006 006 006 006 006 006 006 006 006 006 006 006 006 006 006 
007 007 006 006 006 006 006 006 006 006 006 006 006 006 006 006 006 006 006 006 006 006 006 006 006 006 006 006 006 006 006 006 006 006 006 006 006 006 006 006 006 006 006 006 006 006 006 006 006 006 006 006 004 004 004 004 004 004 004 004 004 004 004 004 004 004 004 004 004 004 004 004 004 004 004 000 000 000 001 000 000 003 007 007 007 007 007 007 007 007 007 007 007 007 007 007 007 007 007 007 007 007 007 007 007 007 007 007 007 007 007 007 007 007 007 003 000 000 000 004 004 004 004 004 006 006 006 006 006 006 006 006 006 006 006 006 006 006 006 006 006 006 006 006 
007 007 007 006 006 006 006 006 006 006 006 006 006 006 006 006 006 006 006 006 006 006 006 006 006 006 006 006 006 006 006 006 006 006 006 006 006 006 006 006 006 006 006 006 006 006 006 006 006 006 006 006 006 004 004 004 004 004 004 004 004 004 004 004 004 004 004 004 004 004 004 004 004 004 004 004 004 000 000 000 000 000 000 003 007 007 007 007 007 007 007 007 007 007 007 007 007 007 007 007 007 007 007 007 007 007 007 007 007 007 007 007 007 007 007 007 003 000 000 004 004 004 004 004 006 006 006 006 006 006 006 006 006 006 006 006 006 006 006 006 006 006 006 006 
007 007 007 006 006 006 006 006 006 006 006 006 006 006 006 006 006 006 006 006 006 006 006 006 006 006 006 006 006 006 006 006 006 006 006 006 006 006 006 006 006 006 006 006 006 006 006 006 006 006 006 006 006 006 006 006 004 004 004 004 004 004 004 004 004 004 004 004 004 004 004 004 004 004 004 004 004 004 000 000 000 000 001 007 007 007 007 007 007 007 007 007 007 007 007 007 007 007 007 007 007 007 007 007 007 007 007 007 007 007 007 007 007 007 007 007 007 000 000 004 004 004 004 004 006 006 006 006 006 006 006 006 006 006 006 006 006 006 006 006 006 006 006 006 
007 007 007 006 006 006 006 006 006 006 006 006 006 006 006 006 006 006 006 006 006 006 006 006 006 006 006 006 006 006 006 006 006 006 006 006 006 006 006 006 006 006 006 006 006 006 006 006 006 006 006 006 006 006 006 006 006 006 006 006 006 004 004 004 004 004 004 004 004 004 004 004 004 004 004 004 004 004 000 000 000 001 007 007 007 007 007 007 007 007 007 007 007 007 007 007 007 007 007 007 007 007 007 007 007 007 007 007 007 007 007 001 001 007 007 007 007 000 000 000 004 004 004 006 006 006 006 006 006 006 006 006 006 006 006 006 006 006 006 006 006 006 006 006 
007 007 007 007 006 006 006 006 006 006 006 006 006 006 006 006 006 006 006 006 006 006 006 006 006 006 006 006 006 006 006 006 006 006 006 006 006 006 006 006 006 006 006 006 006 006 006 006 006 006 006 006 006 006 006 006 006 006 006 006 006 006 006 006 004 004 004 004 004 004 004 004 004 004 004 004 004 004 004 000 000 000 003 007 007 007 001 007 007 007 007 007 007 007 007 007 007 007 007 007 007 007 007 007 007 007 007 007 007 007 003 000 000 003 003 003 003 003 001 000 004 004 004 006 006 006 006 006 006 006 006 006 006 006 006 006 006 006 006 006 006 006 006 006 
007 007 007 007 006 006 006 006 006 006 006 006 006 006 006 006 006 006 006 006 006 006 006 006 006 006 006 006 006 006 006 006 006 006 006 006 006 006 006 006 006 006 006 006 006 006 006 006 006 006 006 006 006 006 006 006 006 006 006 006 006 006 006 006 006 006 004 004 004 004 004 004 004 004 004 004 004 004 004 000 001 000 003 007 003 003 000 000 001 007 007 007 007 007 007 007 007 007 007 007 007 007 007 007 007 007 007 007 007 003 000 000 000 000 001 000 000 000 000 000 004 004 004 006 006 006 006 006 006 006 006 006 006 006 006 006 006 006 006 006 006 006 006 006 
007 007 007 007 006 006 006 006 006 006 006 006 006 006 006 006 006 006 006 006 006 006 006 006 006 006 006 006 006 006 006 006 006 006 006 006 006 006 006 006 006 006 006 006 006 006 006 006 006 006 006 006 006 006 006 006 006 006 006 006 006 006 006 006 006 006 006 006 004 004 004 004 004 004 004 004 004 004 004 000 000 003 003 000 000 000 000 000 001 007 003 003 007 007 007 007 007 007 007 007 007 007 007 007 007 007 003 000 007 003 000 000 000 000 000 000 000 001 000 004 004 004 006 006 006 006 006 006 006 006 006 006 006 006 006 006 006 006 006 006 006 006 006 006 
007 007 007 007 007 006 006 006 006 006 006 006 006 006 006 006 006 006 006 006 006 006 006 006 006 006 006 006 006 006 006 006 006 006 006 006 006 006 006 006 006 006 006 006 006 006 006 006 006 006 006 006 006 006 006 006 006 006 006 006 006 006 006 006 006 006 006 006 006 006 004 004 004 004 004 004 004 004 004 000 000 001 001 001 000 000 000 000 001 003 000 000 001 000 000 001 007 007 007 007 007 003 000 000 000 001 000 000 001 001 000 000 004 004 004 000 000 000 000 004 004 004 006 006 006 006 006 006 006 006 006 006 006 006 006 006 006 006 006 006 006 006 006 006 
007 007 007 007 007 007 006 006 006 006 006 006 006 006 006 006 006 006 006 006 006 006 006 006 006 006 006 006 006 006 006 006 006 006 006 006 006 006 006 006 006 006 006 006 006 006 006 006 006 006 006 006 006 006 006 006 006 006 006 006 006 006 006 006 006 006 006 006 006 006 006 006 004 004 004 004 004 004 004 000 000 000 000 000 000 000 000 000 000 000 000 000 000 000 000 003 007 007 007 007 007 007 003 000 000 000 000 000 000 000 004 004 004 004 004 004 000 000 000 004 004 006 006 006 006 006 006 006 006 006 006 006 006 006 006 006 006 006 006 006 006 006 006 006 
007 007 007 007 007 007 006 006 006 006 006 006 006 006 006 006 006 006 006 006 006 006 006 006 006 006 006 006 006 006 006 006 006 006 006 006 006 006 006 006 006 006 006 006 006 006 006 006 006 006 006 006 006 006 006 006 006 006 006 006 006 006 006 006 006 006 006 006 006 006 006 006 006 004 004 004 004 004 004 004 004 004 004 000 000 004 004 004 000 000 000 000 000 000 001 007 007 007 007 007 007 007 007 000 000 000 000 000 000 004 004 004 004 004 004 004 004 004 004 004 004 006 006 006 006 006 006 006 006 006 006 006 006 006 006 006 006 006 006 006 006 006 006 006 
007 007 007 007 007 007 006 006 006 006 006 006 006 006 006 006 006 006 006 006 006 006 006 006 006 006 006 006 006 006 006 006 006 006 006 006 006 006 006 006 006 006 006 006 006 006 006 006 006 006 006 006 006 006 006 006 006 006 006 006 006 006 006 006 006 006 006 006 006 006 006 006 006 006 004 004 004 004 004 004 004 004 004 004 004 004 004 004 004 004 000 000 000 000 003 007 007 007 007 007 007 007 007 003 000 000 000 004 004 004 004 004 004 004 004 004 004 004 004 004 006 006 006 006 006 006 006 006 006 006 006 006 006 006 006 006 006 006 006 006 006 006 006 006 
007 007 007 007 007 007 007 006 006 006 006 006 006 006 006 006 006 006 006 006 006 006 006 006 006 006 006 006 006 006 006 006 006 006 006 006 006 006 006 006 006 006 006 006 006 006 006 006 006 006 006 006 006 006 006 006 006 006 006 006 006 006 006 006 006 006 006 006 006 006 006 006 006 006 006 006 004 004 004 004 004 004 004 004 004 004 004 004 004 004 004 000 000 000 003 007 007 007 007 007 007 007 007 001 000 000 004 004 004 004 004 004 004 004 004 004 004 004 006 006 006 006 006 006 006 006 006 006 006 006 006 006 006 006 006 006 006 006 006 006 006 006 006 006 
007 007 007 007 007 007 007 007 006 006 006 006 006 006 006 006 006 006 006 006 006 006 006 006 006 006 006 006 006 006 006 006 006 006 006 006 006 006 006 006 006 006 006 006 006 006 006 006 006 006 006 006 006 006 006 006 006 006 006 006 006 006 006 006 006 006 006 006 006 006 006 006 006 006 006 006 006 004 004 004 004 004 004 004 004 004 004 004 004 004 004 000 000 000 000 007 007 007 007 007 007 007 007 003 000 000 004 004 004 004 004 004 004 004 004 004 006 006 006 006 006 006 006 006 006 006 006 006 006 006 006 006 006 006 006 006 006 006 006 006 006 006 006 006 
007 007 007 007 007 007 007 007 006 006 006 006 006 006 006 006 006 006 006 006 006 006 006 006 006 006 006 006 006 006 006 006 006 006 006 006 006 006 006 006 006 006 006 006 006 006 006 006 006 006 006 006 006 006 006 006 006 006 006 006 006 006 006 006 006 006 006 006 006 006 006 006 006 006 006 006 006 006 006 004 004 004 004 004 004 004 004 004 004 004 004 000 000 000 001 003 007 007 007 007 007 007 001 001 001 000 004 004 004 004 004 004 004 004 004 006 006 006 006 006 006 006 006 006 006 006 006 006 006 006 006 006 006 006 006 006 006 006 006 006 006 006 006 006 
007 007 007 007 007 007 007 007 007 006 006 006 006 006 006 006 006 006 006 006 006 006 006 006 006 006 006 006 006 006 006 006 006 006 006 006 006 006 006 006 006 006 006 006 006 006 006 006 006 006 006 006 006 006 006 006 006 006 006 006 006 006 006 006 006 006 006 006 006 006 006 006 006 006 006 006 006 006 006 006 004 004 004 004 004 004 004 004 004 004 004 000 000 001 001 000 000 003 007 007 003 000 000 000 000 000 004 004 004 004 004 004 004 006 006 006 006 006 006 006 006 006 006 006 006 006 006 006 006 006 006 006 006 006 006 006 006 006 006 006 006 006 006 006 
007 007 007 007 007 007 007 007 007 006 006 006 006 006 006 006 006 006 006 006 006 006 006 006 006 006 006 006 006 006 006 006 006 006 006 006 006 006 006 006 006 006 006 006 006 006 006 006 006 006 006 006 006 006 006 006 006 006 006 006 006 006 006 006 006 006 006 006 006 006 006 006 006 006 006 006 006 006 006 006 006 006 004 004 004 004 004 004 004 004 004 004 000 000 000 000 000 000 007 007 003 000 000 000 000 000 004 004 004 004 004 004 006 006 006 006 006 006 006 006 006 006 006 006 006 006 006 006 006 006 006 006 006 006 006 006 006 006 006 006 006 006 006 006 
007 007 007 007 007 007 007 007 007 007 006 006 006 006 006 006 006 006 006 006 006 006 006 006 006 006 006 006 006 006 006 006 006 006 006 006 006 006 006 006 006 006 006 006 006 006 006 006 006 006 006 006 006 006 006 006 006 006 006 006 006 006 006 006 006 006 006 006 006 006 006 006 006 006 006 006 006 006 006 006 006 006 006 006 004 004 004 004 004 004 004 004 004 000 000 000 000 000 001 003 001 000 000 000 004 004 004 004 004 004 004 006 006 006 006 006 006 006 006 006 006 006 006 006 006 006 006 006 006 006 006 006 006 006 006 006 006 006 006 006 006 006 006 006 
007 007 007 007 007 007 007 007 007 007 007 006 006 006 006 006 006 006 006 006 006 006 006 006 006 006 006 006 006 006 006 006 006 006 006 006 006 006 006 006 006 006 006 006 006 006 006 006 006 006 006 006 006 006 006 006 006 006 006 006 006 006 006 006 006 006 006 006 006 006 006 006 006 006 006 006 006 006 006 006 006 006 006 006 006 004 004 004 004 004 004 004 004 004 004 000 000 000 000 001 000 000 000 004 004 004 004 004 004 004 006 006 006 006 006 006 006 006 006 006 006 006 006 006 006 006 006 006 006 006 006 006 006 006 006 006 006 006 006 006 006 006 006 006 
007 007 007 007 007 007 007 007 007 007 007 007 006 006 006 006 006 006 006 006 006 006 006 006 006 006 006 006 006 006 006 006 006 006 006 006 006 006 006 006 006 006 006 006 006 006 006 006 006 006 006 006 006 006 006 006 006 006 006 006 006 006 006 006 006 006 006 006 006 006 006 006 006 006 006 006 006 006 006 006 006 006 006 006 006 006 006 004 004 004 004 004 004 004 004 004 000 000 000 001 001 000 000 004 004 004 004 004 004 006 006 006 006 006 006 006 006 006 006 006 006 006 006 006 006 006 006 006 006 006 006 006 006 006 006 006 006 006 006 006 006 006 006 006 
007 007 007 007 007 007 007 007 007 007 007 007 006 006 006 006 006 006 006 006 006 006 006 006 006 006 006 006 006 006 006 006 006 006 006 006 006 006 006 006 006 006 006 006 006 006 006 006 006 006 006 006 006 006 006 006 006 006 006 006 006 006 006 006 006 006 006 006 006 006 006 006 006 006 006 006 006 006 006 006 006 006 006 006 006 006 006 006 004 004 004 004 004 004 004 004 000 000 000 000 000 001 000 000 004 004 004 004 006 006 006 006 006 006 006 006 006 006 006 006 006 006 006 006 006 006 006 006 006 006 006 006 006 006 006 006 006 006 006 006 006 006 006 006 
007 007 007 007 007 007 007 007 007 007 007 007 007 006 006 006 006 006 006 006 006 006 006 006 006 006 006 006 006 006 006 006 006 006 006 006 006 006 006 006 006 006 006 006 006 006 006 006 006 006 006 006 006 006 006 006 006 006 006 006 006 006 006 006 006 006 006 006 006 006 006 006 006 006 006 006 006 006 006 006 006 006 006 006 006 006 006 006 006 004 004 004 004 004 004 004 000 000 001 000 000 000 000 000 004 004 004 006 006 006 006 006 006 006 006 006 006 006 006 006 006 006 006 006 006 006 006 006 006 006 006 006 006 006 006 006 006 006 006 006 006 006 006 006 
007 007 007 007 007 007 007 007 007 007 007 007 007 007 006 006 006 006 006 006 006 006 006 006 006 006 006 006 006 006 006 006 006 006 006 006 006 006 006 006 006 006 006 006 006 006 006 006 006 006 006 006 006 006 006 006 006 006 006 006 006 006 006 006 006 006 006 006 006 006 006 006 006 006 006 006 006 006 006 006 006 006 006 006 006 006 006 006 006 006 004 004 004 004 004 004 000 001 000 000 004 004 000 000 004 004 004 006 006 006 006 006 006 006 006 006 006 006 006 006 006 006 006 006 006 006 006 006 006 006 006 006 006 006 006 006 006 006 006 006 006 006 006 006 
007 007 007 007 007 007 007 007 007 007 007 007 007 007 007 006 006 006 006 006 006 006 006 006 006 006 006 006 006 006 006 006 006 006 006 006 006 006 006 006 006 006 006 006 006 006 006 006 006 006 006 006 006 006 006 006 006 006 006 006 006 006 006 006 006 006 006 006 006 006 006 006 006 006 006 006 006 006 006 006 006 006 006 006 006 006 006 006 006 006 006 004 004 004 004 004 000 000 000 004 004 004 004 004 004 004 006 006 006 006 006 006 006 006 006 006 006 006 006 006 006 006 006 006 006 006 006 006 006 006 006 006 006 006 006 006 006 006 006 006 006 006 006 006 
007 007 007 007 007 007 007 007 007 007 007 007 007 007 007 006 006 006 006 006 006 006 006 006 006 006 006 006 006 006 006 006 006 006 006 006 006 006 006 006 006 006 006 006 006 006 006 006 006 006 006 006 006 006 006 006 006 006 006 006 006 006 006 006 006 006 006 006 006 006 006 006 006 006 006 006 006 006 006 006 006 006 006 006 006 006 006 006 006 006 006 004 004 004 004 004 000 000 004 004 004 004 004 004 004 006 006 006 006 006 006 006 006 006 006 006 006 006 006 006 006 006 006 006 006 006 006 006 006 006 006 006 006 006 006 006 006 006 006 006 006 006 006 006 
007 007 007 007 007 007 007 007 007 007 007 007 007 007 007 007 006 006 006 006 006 006 006 006 006 006 006 006 006 006 006 006 006 006 006 006 006 006 006 006 006 006 006 006 006 006 006 006 006 006 006 006 006 006 006 006 006 006 006 006 006 006 006 006 006 006 006 006 006 006 006 006 006 006 006 006 006 006 006 006 006 006 006 006 006 006 006 006 006 006 006 006 004 004 004 000 000 000 004 004 004 004 004 006 006 006 006 006 006 006 006 006 006 006 006 006 006 006 006 006 006 006 006 006 006 006 006 006 006 006 006 006 006 006 006 006 006 006 006 006 006 006 006 006 
007 007 007 007 007 007 007 007 007 007 007 007 007 007 007 007 007 006 006 006 006 006 006 006 006 006 006 006 006 006 006 006 006 006 006 006 006 006 006 006 006 006 006 006 006 006 006 006 006 006 006 006 006 006 006 006 006 006 006 006 006 006 006 006 006 006 006 006 006 006 006 006 006 006 006 006 006 006 006 006 006 006 006 006 006 006 006 006 006 006 006 006 006 004 004 004 004 004 004 004 004 006 006 006 006 006 006 006 006 006 006 006 006 006 006 006 006 006 006 006 006 006 006 006 006 006 006 006 006 006 006 006 006 006 006 006 006 006 006 006 006 006 006 006 
007 007 007 007 007 007 007 007 007 007 007 007 007 007 007 007 007 007 006 006 006 006 006 006 006 006 006 006 006 006 006 006 006 006 006 006 006 006 006 006 006 006 006 006 006 006 006 006 006 006 006 006 006 006 006 006 006 006 006 006 006 006 006 006 006 006 006 006 006 006 006 006 006 006 006 006 006 006 006 006 006 006 006 006 006 006 006 006 006 006 006 006 006 006 006 006 004 004 006 006 006 006 006 006 006 006 006 006 006 006 006 006 006 006 006 006 006 006 006 006 006 006 006 006 006 006 006 006 006 006 006 006 006 006 006 006 006 006 006 006 006 006 006 006 
007 007 007 007 007 007 007 007 007 007 007 007 007 007 007 007 007 007 007 006 006 006 006 006 006 006 006 006 006 006 006 006 006 006 006 006 006 006 006 006 006 006 006 006 006 006 006 006 006 006 006 006 006 006 006 006 006 006 006 006 006 006 006 006 006 006 006 006 006 006 006 006 006 006 006 006 006 006 006 006 006 006 006 006 006 006 006 006 006 006 006 006 006 006 006 006 006 006 006 006 006 006 006 006 006 006 006 006 006 006 006 006 006 006 006 006 006 006 006 006 006 006 006 006 006 006 006 006 006 006 006 006 006 006 006 006 006 006 006 006 006 006 006 006 
007 007 007 007 007 007 007 007 007 007 007 007 007 007 007 007 007 007 007 007 006 006 006 006 006 006 006 006 006 006 006 006 006 006 006 006 006 006 006 006 006 006 006 006 006 006 006 006 006 006 006 006 006 006 006 006 006 006 006 006 006 006 006 006 006 006 006 006 006 006 006 006 006 006 006 006 006 006 006 006 006 006 006 006 006 006 006 006 006 006 006 006 006 006 006 006 006 006 006 006 006 006 006 006 006 006 006 006 006 006 006 006 006 006 006 006 006 006 006 006 006 006 006 006 006 006 006 006 006 006 006 006 006 006 006 006 006 006 006 006 006 006 006 006 
007 007 007 007 007 007 007 007 007 007 007 007 007 007 007 007 007 007 007 007 007 006 006 006 006 006 006 006 006 006 006 006 006 006 006 006 006 006 006 006 006 006 006 006 006 006 006 006 006 006 006 006 006 006 006 006 006 006 006 006 006 006 006 006 006 006 006 006 006 006 006 006 006 006 006 006 006 006 006 006 006 006 006 006 006 006 006 006 006 006 006 006 006 006 006 006 006 006 006 006 006 006 006 006 006 006 006 006 006 006 006 006 006 006 006 006 006 006 006 006 006 006 006 006 006 006 006 006 006 006 006 006 006 006 006 006 006 006 006 006 006 006 006 006 
000 000 
