ID: BM
File Size: 1644
Reserved1: 0
Reserved2: 0
Pixel Array Offset: 86
DIB Header Size: 40
Width: 72
Height: 72
Planes: 1
Bits Per Pixel: 4
Compression: 2
Image Size: 1558
X Pixels per Meter: 2834
Y Pixels per Meter: 2834
Colors in Table: 8
Important Color Count: 8
Red Channel Bitmask: 0
Green Channel Bitmask: 0
Blue Channel Bitmask: 0
Color Space Type: 0
Color Space Endpoints: 0
Gamma Red Channel: 0
Gamma Green Channel: 0
Gamma Blue Channel: 0
Intent: 0
ICC Profile Data Location: 0
ICC Profile Size: 0
Color Table Entries:
0.	16777215
1.	16776960
2.	16711935
3.	16711680
4.	65535
5.	65280
6.	255
7.	000
Data Array:
00 02
33 05 00 0a 71 33 17 10 60 00 00 00
00 02
2f 00 00 0e 20 47 37 77 73 77 10 00 00 00
00 02
17 00 00 08 75 37 35 30 0a 00 00 16 04 04 05 05 37 77 71 77 77 70 61 00 00 00
00 02
16 00 02 37 02 37 08 77 00 1a 04 00 01 02 02 12 06 07 31 73 77 37 37 00 00 00
00 02
16 00 00 28 77 77 37 77 77 77 73 47 06 05 04 05 21 61 73 53 34 37 73 70 00 00
00 02
15 00 00 28 37 35 35 33 73 73 77 77 07 07 06 16 04 00 73 12 15 37 13 51 00 00
00 02
15 00 00 10 71 73 73 75 35 37 17 37 0c 00 00 0c 13 13 33 31 37 32 00 00
00 02
15 00 00 10 37 31 21 33 33 53 77 77 0c 00 00 0c 63 31 11 13 71 71 00 00
00 02
16 00 00 10 35 31 31 31 73 13 17 30 0a 00 00 0e 07 47 33 33 13 37 30 00 00 00
00 02
16 00 00 10 73 13 13 53 31 77 76 70 0a 00 00 0c 77 67 47 43 71 77 00 00
00 02
17 00 00 0e 37 37 33 17 66 76 77 00 0a 00 00 0e 67 47 76 76 76 73 10 00 00 00
00 02
1a 00 00 22 35 66 64 77 77 60 00 00 00 06 77 77 67 67 76 46 77 00 00 00
00 02
1a 00 00 22 66 04 67 67 67 50 00 00 00 67 74 76 76 56 47 74 73 00 00 00
00 02
1a 00 00 22 46 76 74 76 77 60 00 00 06 76 46 64 76 76 76 77 70 00 00 00
00 02
1a 00 00 22 27 46 47 64 76 00 00 00 07 42 46 47 65 65 64 67 60 00 00 00
00 02
1a 00 00 20 46 76 76 77 77 00 00 00 76 64 24 24 67 67 67 77 00 00
00 02
1a 00 00 14 76 46 77 77 77 60 00 04 76 44 08 46 02 67 02 60 00 00
00 02
1a 00 00 1e 64 64 67 66 76 77 60 07 63 60 52 46 67 67 74 00 00 00
00 02
19 00 00 22 66 04 25 21 11 30 11 31 01 11 13 11 31 33 31 01 03 00 00 00
00 02
19 00 00 24 13 33 13 11 31 11 01 00 10 00 00 01 01 01 33 13 31 31 00 00
00 02
16 00 00 28 21 33 11 31 11 31 00 11 01 03 11 11 11 10 01 00 13 13 11 33 00 00
00 02
14 00 00 16 31 13 11 13 11 13 10 01 01 10 11 00 08 13 00 0e 10 11 31 11 13 11 30 00 00 00
00 02
11 00 00 30 11 31 13 13 03 11 33 13 13 13 10 10 10 11 10 10 11 11 11 10 11 11 33 10 00 00
00 02
14 00 00 2e 31 31 31 10 00 13 77 11 11 11 10 10 00 11 11 11 31 11 10 01 01 13 10 00 00 00
00 02
10 00 00 32 31 13 13 33 11 00 03 13 13 67 21 11 11 11 33 33 13 11 11 10 00 00 10 11 30 00 00 00
00 02
0e 00 00 34 13 33 33 33 11 10 00 31 37 20 34 61 66 37 67 11 11 11 31 11 01 10 00 01 11 30 00 00
00 02
0d 00 00 34 13 11 00 33 31 00 03 10 06 31 44 24 13 17 67 31 31 33 33 11 10 10 00 00 01 13 00 00
00 02
0d 00 00 34 33 00 00 00 13 00 73 70 00 44 00 43 33 11 31 33 13 13 11 33 31 31 00 00 01 17 00 00
00 02
0b 00 00 36 13 00 00 01 31 11 33 33 73 67 60 40 44 07 63 17 31 75 35 33 01 33 11 00 00 11 13 00 00 00
00 02
09 00 00 38 13 10 00 00 00 12 37 73 73 17 73 70 46 06 73 47 73 16 76 73 00 12 11 10 01 01 11 31 00 00
00 02
07 00 00 06 30 31 30 00 08 00 00 2c 07 33 33 23 15 64 60 64 31 36 67 77 77 74 01 71 33 10 00 11 33 10 00 00
00 02
05 00 02 30 0a 00 00 2e 01 61 00 37 37 13 03 64 44 46 11 11 64 73 33 70 06 00 01 33 13 13 11 00 00 00
00 02
08 00 02 10 08 00 00 2e 61 03 10 37 73 37 47 27 37 74 01 76 73 77 73 63 12 00 00 13 13 10 10 00 00 00
00 02
07 00 02 12 08 00 00 30 61 10 10 13 73 73 06 33 37 36 60 46 13 33 33 73 30 41 00 00 01 00 11 30 00 00
00 02
11 00 00 2c 71 01 01 03 00 07 34 73 73 33 44 67 32 13 21 31 30 04 00 00 00 11 00 00
00 02
07 00 02 30 0c 00 00 2a 10 10 00 03 33 47 37 77 64 63 13 31 33 33 33 00 07 00 01 03 10 00 00 00
00 02
06 00 02 10 0a 00 00 24 06 10 70 10 00 00 30 01 03 77 64 33 12 30 12 30 33 30 00 00
00 02
15 00 00 20 10 01 10 00 10 10 01 11 77 67 30 31 33 31 33 33 00 00
00 02
15 00 00 1e 10 00 20 01 27 73 12 00 01 77 73 33 33 33 33 00 00 00
00 02
19 00 00 16 10 10 11 77 77 30 10 03 77 30 30 00 00 00
00 02
05 00 02 10 0e 00 00 16 07 10 00 00 00 07 77 73 21 00 67 00 00 00
00 02
1e 00 00 0e 30 77 77 71 03 01 77 00 00 00
00 02
1d 00 00 10 10 13 31 77 70 01 00 30 00 00
00 02
18 00 00 16 25 00 00 03 00 00 73 10 77 30 10 00 00 00
00 02
19 00 00 16 30 00 12 10 07 00 02 13 75 21 20 00 00 00
00 02
1b 00 00 14 64 00 00 67 61 31 77 72 13 11 00 00
00 02
19 00 00 14 10 77 01 00 77 50 00 77 71 13 00 00
00 02
19 00 00 16 20 72 00 50 04 61 31 27 73 20 33 00 00 00
00 02
19 00 00 16 10 45 01 37 40 33 03 17 77 10 10 00 00 00
00 02
1a 00 00 14 37 33 72 77 35 37 30 77 73 70 00 00
00 02
16 00 00 18 30 04 77 31 31 33 33 23 37 33 37 33 00 00
00 02
16 00 00 1a 33 33 30 32 33 21 33 73 37 37 33 73 30 00 00 00
00 02
17 00 02 23 08 33 00 0e 32 33 77 33 27 33 33 00 00 00
00 02
18 00 08 33 00 0e 37 37 31 33 71 33 73 00 00 00
00 02
18 00 00 16 37 30 30 30 73 33 32 33 33 73 30 00 00 00
00 02
18 00 00 14 33 30 00 30 03 13 33 36 33 33 00 00
00 02
18 00 00 14 30 03 00 30 03 32 33 13 33 30 00 00
00 02
18 00 00 12 33 03 33 00 03 33 12 33 33 00 00 00
00 02
19 00 00 10 30 00 00 03 33 33 33 33 00 00
00 02
19 00 00 10 33 00 00 13 21 23 33 30 00 00
00 02
1a 00 00 0e 33 33 03 33 33 33 30 00 00 00
00 02
1b 00 0a 33 00 00
00 02
1d 00 00 06 33 33 03 00 00 01
00 00

Generating ATMEGA328P Image Header...
Input File: ./bmp_files/mario.bmp
Output File: mario_image.s
Compression: 4-bit RLE BMP
Padding Bytes Removed
